2 0.29931972789115646 0.49651376146788995 0.04272108843537412 0.0794189602446484
7 0.7324263038548753 0.49651376146788995 0.041133786848072534 0.07556574923547395
7 0.7656235827664398 0.5969418960244648 0.040249433106575964 0.07926605504587161
2 0.2805215419501134 0.3825993883792049 0.04297052154195012 0.08076452599388378
2 0.3923356009070295 0.7302752293577982 0.04312925170068023 0.07984709480122329
5 0.8203174603174603 0.4974923547400612 0.06063492063492065 0.07189602446483177
7 0.7514739229024943 0.38391437308868503 0.040975056689342516 0.07654434250764526
2 0.3928117913832199 0.28232415902140673 0.044444444444444495 0.08058103975535166
7 0.6157142857142857 0.46556574923547406 0.040975056689342516 0.07712538226299702
7 0.6391609977324263 0.28183486238532107 0.042811791383219944 0.07853211009174314
7 0.6391609977324263 0.7302752293577982 0.04106575963718824 0.07822629969418955
2 0.2612244897959184 0.5916819571865443 0.0534920634920635 0.08816513761467885
1 0.5142857142857143 0.7155963302752294 0.05238095238095243 0.07746177370030576
6 0.5009297052154195 0.4716819571865444 0.0577097505668934 0.08155963302752299
1 0.4229478458049887 0.49810397553516816 0.047414965986394615 0.06951070336391443
1 0.4397732426303855 0.44434250764525995 0.053605442176870716 0.06581039755351677
0 0.21208616780045353 0.4991743119266055 0.06528344671201812 0.08957186544342514