6 0.593065693430657 0.34369449378330375 0.052311435523114354 0.07282415630550622
1 0.18126520681265207 0.5586145648312612 0.04866180048661801 0.0763765541740675
1 0.48479318734793186 0.6580817051509769 0.049878345498783457 0.0763765541740675
1 0.13503649635036497 0.5985790408525755 0.051094890510948905 0.07815275310834814
1 0.4239659367396594 0.8046181172291297 0.052311435523114354 0.07815275310834814
7 0.7372262773722628 0.43872113676731794 0.046228710462287104 0.08880994671403197
7 0.7530413625304136 0.6261101243339254 0.043795620437956206 0.08703374777975133
5 0.7980535279805353 0.5328596802841918 0.06326034063260341 0.08170515097690942
2 0.25829683698296835 0.4783658969804618 0.04428223844282236 0.08662522202486675
2 0.37987834549878347 0.3455772646536412 0.04620437956204382 0.08920071047957376
2 0.2736861313868613 0.6662166962699823 0.044768856447688576 0.08982238010657202
2 0.4011192214111923 0.777069271758437 0.0386982968369829 0.08742451154529313
0 0.2095985401459854 0.5803019538188277 0.061192214111922154 0.08269982238010667
6 0.5432846715328467 0.6931793960923623 0.05954987834549884 0.07946714031971583
6 0.532396593673966 0.6571936056838366 0.04930656934306566 0.06543516873889882