2 0.3066457023060797 0.6853980099502487 0.03979035639413002 0.06477611940298499
7 0.7680712788259958 0.6853980099502487 0.03855345911949683 0.06477611940298499
2 0.32031446540880504 0.5124626865671642 0.039266247379454965 0.06746268656716418
2 0.4252830188679246 0.43134328358208956 0.04037735849056602 0.06310945273631842
7 0.7368134171907756 0.6054477611940298 0.03876310272536689 0.06184079601990053
0 0.25513626834381553 0.6066169154228856 0.05654088050314465 0.05830845771144278
7 0.6313417190775681 0.5816915422885572 0.03790356394129988 0.057860696517412914
5 0.8183647798742139 0.6054477611940298 0.05698113207547159 0.05873134328358212
1 0.2021383647798742 0.5451990049751243 0.04769392033542977 0.06268656716417907
7 0.6528301886792452 0.7978109452736319 0.039853249475890966 0.06141791044776133
1 0.37622641509433963 0.7572388059701494 0.05127882599580708 0.05905472636815923
1 0.42626834381551365 0.6164676616915423 0.053396226415094276 0.06268656716417914
1 0.7077358490566037 0.468955223880597 0.05046121593291415 0.05711442786069647