2 0.2578082191780822 0.37916058394160584 0.04223744292237443 0.09536496350364962
7 0.7431735159817351 0.6841240875912409 0.04442922374429232 0.09894160583941611
5 0.7905251141552512 0.5346715328467153 0.06063926940639257 0.09003649635036502
6 0.7026255707762558 0.4733941605839416 0.0618949771689498 0.08989051094890509
2 0.25878995433789953 0.6412043795620438 0.04271689497716897 0.09394160583941609
2 0.38404109589041097 0.7676642335766424 0.047146118721461135 0.09908759124087584
7 0.7460958904109589 0.42383211678832117 0.038013698630136934 0.09945255474452555
1 0.6591780821917809 0.44843065693430656 0.05372146118721455 0.08521897810218981
6 0.19762557077625573 0.5982846715328467 0.05203196347031962 0.09087591240875904
1 0.35742009132420094 0.2776642335766423 0.0502283105022831 0.08240875912408764
1 0.6744063926940639 0.5139416058394161 0.05372146118721455 0.08521897810218987