2 0.3569423076923077 0.5308823529411765 0.03711538461538464 0.0699732620320856
2 0.3056730769230769 0.45858288770053474 0.037326923076923126 0.06946524064171128
2 0.45776923076923076 0.5370053475935829 0.036346153846153806 0.07114973262032089
2 0.33178846153846153 0.6429144385026737 0.03769230769230773 0.07208556149732614
0 0.2966346153846154 0.5529679144385027 0.05511538461538466 0.06411764705882358
7 0.7553653846153846 0.5312299465240642 0.03326923076923068 0.06508021390374324
7 0.8066346153846153 0.6048930481283422 0.0339615384615384 0.0625935828877006
5 0.8178653846153846 0.510855614973262 0.049961538461538495 0.06411764705882358
1 0.5771538461538461 0.5502406417112299 0.04399999999999999 0.06144385026737973
6 0.6777307692307692 0.5505882352941176 0.04467307692307696 0.0607486631016042
1 0.5991153846153846 0.5081550802139038 0.039634615384615414 0.05037433155080207
1 0.7368076923076923 0.6306951871657754 0.04217307692307683 0.05973262032085555
6 0.6225576923076923 0.5291978609625668 0.04280769230769229 0.06224598930481291
2 0.4551730769230769 0.2676470588235294 0.04053846153846151 0.08037433155080215