2 0.35376165803108806 0.3218741058655222 0.03979274611398961 0.07263233190271814
2 0.3772020725388601 0.4182689556509299 0.03747150259067354 0.07014306151645204
7 0.7690466321243523 0.5011874105865521 0.03790673575129526 0.07014306151645204
2 0.33642487046632125 0.4998426323319027 0.03823834196891189 0.0717024320457797
7 0.7280310880829015 0.4192846924177396 0.03683937823834192 0.0705293276108726
5 0.781740932642487 0.4165951359084406 0.0541968911917098 0.06695278969957075
0 0.3242176165803109 0.4155793991416309 0.05441450777202072 0.06795422031473533
7 0.7519481865284974 0.3227181688125894 0.03704663212435233 0.07090128755364807
7 0.6357409326424871 0.6444349070100143 0.0373264248704663 0.07226037195994277
2 0.46703626943005183 0.64241773962804 0.04137823834196886 0.0710300429184549
7 0.6396476683937824 0.4748927038626609 0.038393782383419645 0.07002861230329048
7 0.6416062176165803 0.3213733905579399 0.03671502590673582 0.07090128755364807
1 0.5190466321243523 0.35288984263233186 0.045191709844559544 0.06871244635193137
1 0.5278341968911917 0.6437625178826896 0.043025906735751275 0.06273247496423465
2 0.468020725388601 0.47321888412017166 0.03102590673575135 0.06972818311874107
6 0.5375958549222798 0.5032045779685265 0.043606217616580296 0.06307582260371965
6 0.5771502590673575 0.48164520743919886 0.04501554404145083 0.06795422031473533
1 0.5551709844559586 0.6717310443490702 0.04544041450777193 0.06134477825464949
2 0.4689948186528497 0.4513018597997138 0.027481865284974073 0.023619456366237468
1 0.4987875647668394 0.4907010014306152 0.04145077720207254 0.061988555078683893
1 0.5150259067357513 0.4697138769670958 0.043523316062176166 0.044821173104434966
2 0.4664766839378238 0.320758226037196 0.038393782383419645 0.0723748211731044