2 0.28858108108108105 0.4809385113268609 0.04304054054054057 0.08414239482200647
2 0.2707432432432432 0.3592233009708738 0.04326576576576578 0.08524271844660196
2 0.25635135135135134 0.5855016181229773 0.0435135135135135 0.08537216828478963
2 0.38135135135135134 0.25469255663430423 0.04360360360360364 0.08262135922330098
0 0.20067567567567565 0.48129449838187705 0.060292792792792815 0.07964401294498387
7 0.7514639639639639 0.5868932038834951 0.04114864864864861 0.08427184466019425
7 0.604009009009009 0.4476375404530744 0.04184684684684694 0.08155339805825239
7 0.7172747747747749 0.4799029126213592 0.041463963963963894 0.08336569579288022
2 0.38085585585585585 0.7282847896440129 0.04272522522522516 0.08323624595469246
7 0.7363288288288289 0.36029126213592233 0.04184684684684694 0.08323624595469255
5 0.8061486486486487 0.48165048543689326 0.06042792792792802 0.07546925566343039
7 0.6259684684684684 0.7303883495145631 0.04162162162162166 0.08155339805825239
7 0.625 0.25310679611650483 0.03677927927927937 0.08113268608414237
6 0.5600675675675676 0.25485436893203883 0.055000000000000035 0.08336569579288022
1 0.5097747747747747 0.24906148867313913 0.04995495495495497 0.07964401294498377
1 0.5516891891891892 0.33061488673139156 0.04754504504504507 0.06844660194174759
1 0.5327252252252253 0.18398058252427182 0.05193693693693694 0.07391585760517798
2 0.38085585585585585 0.2504854368932039 0.038018018018018004 0.07889967637540451
1 0.5435360360360361 0.30592233009708736 0.04754504504504507 0.06844660194174759