2 0.3305631067961165 0.59096018735363 0.038543689320388395 0.06285714285714279
2 0.2844271844660194 0.5223653395784543 0.039495145631067916 0.06311475409836063
2 0.30396116504854365 0.6972599531615925 0.03891262135922334 0.0626463700234192
0 0.265378640776699 0.607751756440281 0.054601941747572824 0.060468384074941504
7 0.8212815533980582 0.6607494145199063 0.037592233009708764 0.06103044496487107
7 0.7748932038834951 0.5906791569086651 0.036019417475728066 0.06252927400468382
5 0.8378834951456311 0.5753629976580796 0.05300970873786399 0.05782201405152231
2 0.44433009708737864 0.600983606557377 0.037689320388349566 0.06252927400468387
7 0.6635728155339806 0.5765339578454333 0.036446601941747536 0.06252927400468387
2 0.4509320388349514 0.8356674473067915 0.05269902912621357 0.061615925058547884
6 0.6904271844660194 0.7785480093676815 0.04638834951456308 0.056674473067915794
2 0.4289514563106796 0.3701170960187353 0.042330097087378664 0.06290398126463703