2 0.8013245033112583 0.6192307692307693 0.04415011037527594 0.06923076923076923
2 0.6247240618101545 0.30256410256410254 0.04415011037527594 0.07179487179487179
2 0.6181015452538632 0.7115384615384616 0.04415011037527594 0.06923076923076923
2 0.6181015452538632 0.5333333333333333 0.04415011037527594 0.07179487179487179
2 0.7428256070640177 0.5205128205128206 0.046357615894039736 0.06666666666666667
7 0.25386313465783666 0.5205128205128206 0.04415011037527594 0.06666666666666667
2 0.7637969094922737 0.42948717948717946 0.04415011037527594 0.06923076923076923
7 0.3708609271523179 0.3038461538461538 0.04415011037527594 0.06923076923076923
7 0.37858719646799116 0.5333333333333333 0.04194260485651214 0.06666666666666667
6 0.45253863134657835 0.5205128205128206 0.052980132450331126 0.06153846153846154
1 0.5231788079470199 0.7038461538461539 0.05739514348785872 0.05897435897435897
7 0.19426048565121412 0.6205128205128205 0.04415011037527594 0.06666666666666667
7 0.2306843267108168 0.42948717948717946 0.04194260485651214 0.06923076923076923
6 0.46688741721854304 0.7166666666666667 0.05518763796909492 0.05897435897435897
5 0.18101545253863136 0.5243589743589744 0.06181015452538632 0.0641025641025641
7 0.37637969094922735 0.7128205128205128 0.04194260485651214 0.06666666666666667
0 0.8101545253863135 0.5230769230769231 0.06181015452538632 0.06666666666666667
1 0.5262472406181015 0.5050256410256411 0.05282560706401768 0.07051282051282051
6 0.46909492273730685 0.5700512820512821 0.05834437086092717 0.06317948717948714
1 0.54439293598234 0.5256410256410257 0.05598233995584992 0.07325641025641023