2 0.39037647058823527 0.3231307550644567 0.04443529411764704 0.09302025782688765
2 0.4121058823529412 0.7677900552486189 0.04296470588235292 0.0903314917127071
2 0.2727058823529412 0.4601289134438306 0.042882352941176455 0.08981583793738492
7 0.6318352941176469 0.7513443830570903 0.042082352941176446 0.08966850828729292
1 0.15454117647058827 0.5866298342541437 0.05349411764705884 0.08250460405156529
0 0.2232705882352941 0.565230202578269 0.061188235294117634 0.0849907918968692
7 0.6098588235294118 0.3057458563535912 0.04257647058823536 0.0903314917127072
7 0.7348588235294118 0.42116022099447514 0.042388235294117615 0.08981583793738486
1 0.31151764705882357 0.684475138121547 0.05889411764705886 0.09545119705340707
6 0.7832 0.4884162062615101 0.05242352941176464 0.07705340699815844
6 0.6855411764705883 0.5228176795580111 0.059423529411764694 0.0799631675874769
6 0.8603529411764705 0.5174585635359117 0.05380000000000002 0.08068139963167577
6 0.7778352941176471 0.5579742173112339 0.04904705882352948 0.07534069981583788
6 0.7343764705882353 0.6030755064456722 0.048494117647058854 0.07848987108655618
2 0.2851529411764706 0.6561878453038674 0.03515294117647058 0.09458563535911604
2 0.2856470588235294 0.6298158379373849 0.031082352941176457 0.03810313075506456