2 0.22948837209302328 0.4361254019292604 0.04486046511627905 0.08413183279742767
2 0.16772093023255816 0.3480225080385852 0.044674418604651184 0.08524115755627007
2 0.3532674418604651 0.442540192926045 0.04534883720930233 0.0860289389067524
5 0.789546511627907 0.41046623794212217 0.063046511627907 0.07932475884244378
0 0.1536860465116279 0.46347266881028937 0.0594186046511628 0.07831189710610938
7 0.7465813953488372 0.3002572347266881 0.044581395348837115 0.08667202572347261
7 0.7783255813953488 0.5232154340836013 0.044581395348837115 0.08278135048231512
7 0.5966744186046512 0.4219453376205788 0.044767441860465114 0.08337620578778138
2 0.20093023255813955 0.5664147909967846 0.03890697674418602 0.08109324758842434
6 0.4807093023255814 0.3021221864951768 0.05059302325581394 0.074935691318328
7 0.7153372093023257 0.43477491961414794 0.044279069767441774 0.08413183279742767
1 0.41259302325581393 0.09342443729903536 0.05145348837209302 0.07561093247588424
7 0.5527325581395349 0.061221864951768484 0.052127906976744236 0.08615755627009647
6 0.4609418604651163 0.0980385852090032 0.05872093023255814 0.07345659163987137
2 0.3503372093023256 0.11477491961414792 0.046023255813953536 0.08446945337620577
6 0.4909651162790698 0.45739549839228294 0.037267441860465066 0.07355305466237942
2 0.3864767441860465 0.8087942122186496 0.0478837209302325 0.07818327974276526
6 0.45434883720930236 0.43477491961414794 0.05175581395348836 0.07675241157556272
6 0.4426279069767442 0.8006913183279742 0.05551162790697675 0.07025723472668817
1 0.4379418604651163 0.4159967845659164 0.054348837209302336 0.06795819935691315
6 0.4493139534883721 0.13491961414790998 0.05872093023255814 0.07345659163987138
1 0.45298837209302323 0.46327974276527334 0.054348837209302336 0.06795819935691315