0 0.21190677966101695 0.5753117206982543 0.06008474576271183 0.06369077306733172
2 0.28125 0.5569077306733167 0.042817796610169476 0.06802992518703235
2 0.23059322033898305 0.48451371571072316 0.04370762711864406 0.06778054862842894
2 0.2534110169491526 0.6701496259351621 0.042245762711864435 0.06778054862842887
5 0.8359322033898305 0.5393765586034912 0.05889830508474567 0.063067331670823
2 0.421885593220339 0.817281795511222 0.04419491525423732 0.0677805486284288
7 0.8183686440677965 0.6310473815461347 0.040381355932203274 0.0640399002493765
7 0.7666101694915254 0.5574812967581048 0.03963983050847465 0.06605985037406487
7 0.794427966101695 0.44571072319201993 0.03874999999999992 0.0676807980049875
7 0.645021186440678 0.5393765586034912 0.03999999999999999 0.06583541147132164
2 0.4069915254237288 0.5678304239401496 0.042563559322033845 0.06867830423940155
6 0.560063559322034 0.5419700748129677 0.048029661016949124 0.058703241895261896
6 0.5869067796610169 0.5603740648379053 0.048665254237288194 0.06665835411471326
1 0.667478813559322 0.7166832917705735 0.05031779661016949 0.06426433915211965
6 0.640635593220339 0.6224438902743142 0.04663135593220337 0.05625935162094764
2 0.3891525423728814 0.32157107231920196 0.03650423728813563 0.0642643391521197
1 0.6513771186440678 0.6649625935162095 0.04360169491525433 0.05531172069825431
1 0.3947033898305085 0.4003990024937656 0.05493644067796612 0.06002493765586033