7 0.6665103189493433 0.5483009708737864 0.035347091932457844 0.0625
7 0.7875984990619137 0.4563834951456311 0.0354971857410881 0.06135922330097095
2 0.4716885553470919 0.5634708737864078 0.037392120075046914 0.06533980582524276
7 0.8124953095684803 0.6231553398058253 0.035347091932457844 0.061577669902912635
0 0.31298311444652904 0.5786165048543689 0.05358348968105066 0.060121359223300926
7 0.669437148217636 0.7959223300970875 0.03521575984990616 0.06135922330097081
7 0.7622138836772983 0.5583980582524272 0.03347091932457792 0.06308252427184469
5 0.8212945590994372 0.5388349514563107 0.05031894934333968 0.05803398058252433
6 0.5371106941838648 0.8306553398058253 0.04409005628517824 0.058033980582524194
2 0.36742964352720453 0.5625242718446601 0.04577861163227013 0.07208737864077668
6 0.6225515947467167 0.549878640776699 0.04427767354596627 0.05652912621359228
2 0.3217823639774859 0.4917718446601942 0.03354596622889305 0.062621359223301
2 0.4672795497185741 0.3136407766990291 0.031257035647279545 0.05990291262135924
2 0.49780487804878043 0.8388834951456311 0.038180112570356514 0.06099514563106795
1 0.3984427767354597 0.7226456310679612 0.042382739212007456 0.05507281553398072
1 0.34375234521575987 0.6771601941747573 0.044577861163227 0.05589805825242712
1 0.42187617260787996 0.4860922330097088 0.054596622889305856 0.07492718446601943
1 0.5395497185741088 0.3597330097087379 0.04296435272045024 0.052160194174757306
6 0.590281425891182 0.32347087378640776 0.051951219512195224 0.06254854368932038