2 0.2697826086956522 0.46943243243243243 0.039703557312252946 0.07521621621621617
2 0.32519762845849803 0.5478918918918919 0.040988142292490135 0.07329729729729731
0 0.26928853754940707 0.580945945945946 0.05654150197628461 0.06935135135135143
7 0.8203162055335969 0.46975675675675677 0.03583003952569169 0.0718378378378378
2 0.42383399209486167 0.26494594594594595 0.040928853754940674 0.07605405405405402
2 0.28881422924901184 0.6504054054054054 0.03986166007905141 0.0735675675675675
7 0.8022529644268774 0.6517297297297296 0.04031620553359679 0.07156756756756762
5 0.8188537549407114 0.581945945945946 0.055000000000000084 0.06681081081081089
7 0.7651383399209487 0.5485675675675675 0.037747035573122575 0.07370270270270265
7 0.6577075098814229 0.7585675675675676 0.037332015810276654 0.07248648648648662
1 0.5219762845849802 0.46275675675675676 0.04217391304347827 0.05605405405405408
6 0.5786166007905138 0.7505675675675675 0.04788537549407118 0.06202702702702715
1 0.515494071146245 0.704135135135135 0.05375494071146249 0.07470270270270267