7 0.7446370967741935 0.5012820512820513 0.03622983870967748 0.07168091168091176
2 0.27221774193548387 0.4236467236467236 0.03963709677419357 0.07532763532763533
0 0.2621975806451613 0.5237037037037037 0.05449596774193546 0.0691737891737891
2 0.431875 0.5071509971509971 0.038911290322580665 0.0764672364672364
2 0.3259274193548387 0.500940170940171 0.03943548387096775 0.07547008547008549
7 0.7988306451612904 0.5778632478632479 0.037116935483870905 0.07125356125356123
2 0.2988306451612903 0.6192592592592593 0.03907258064516128 0.0746438746438746
5 0.8085887096774194 0.4788603988603989 0.05330645161290334 0.06891737891737891
7 0.6415927419354839 0.4888603988603989 0.03790322580645152 0.07381766381766389
2 0.42798387096774193 0.21786324786324787 0.03868951612903225 0.0768945868945869
1 0.5590725806451613 0.5099145299145299 0.05080645161290332 0.06615384615384606
1 0.5229435483870968 0.6372079772079772 0.045524193548387125 0.06421652421652428
6 0.7631854838709677 0.3475783475783476 0.043205645161290225 0.06529914529914535
1 0.5668951612903226 0.8266096866096866 0.045100806451612914 0.0660113960113959
7 0.6430645161290323 0.7783190883190884 0.04433467741935486 0.07532763532763548
1 0.45671370967741937 0.7268945868945869 0.05042338709677417 0.05413105413105413
1 0.4560685483870968 0.6745014245014245 0.05042338709677417 0.05413105413105413