2 0.27221135029354204 0.44345132743362836 0.03980430528375729 0.07917404129793502
0 0.27123287671232876 0.5656342182890856 0.05592954990215261 0.07448377581120944
2 0.3271428571428571 0.5295575221238938 0.04375733855185913 0.08064896755162235
7 0.7612328767123288 0.5295575221238938 0.038904109589041086 0.08002949852507374
7 0.8154207436399218 0.44566371681415934 0.03796477495107627 0.08050147492625374
2 0.28906066536203523 0.6414454277286136 0.04201565557729935 0.0824483775811209
5 0.8149510763209393 0.5674631268436579 0.053307240704501 0.07460176991150448
7 0.7978473581213307 0.6425368731563421 0.03874755381604688 0.07976401179941009
1 0.41234833659491194 0.6532153392330383 0.0481213307240704 0.06814159292035404
1 0.36230919765166336 0.5255162241887906 0.04941291585127201 0.07176991150442473
2 0.2778277886497065 0.6028023598820059 0.06659491193737772 0.15501474926253692
6 0.22326810176125245 0.4872566371681416 0.04559686888454014 0.07162241887905596
1 0.4907632093933464 0.5650737463126844 0.05197651663405088 0.0700589970501475
1 0.3871037181996086 0.7531268436578171 0.05626223091976516 0.07929203539823007
1 0.46344422700587085 0.5767256637168141 0.05197651663405088 0.0700589970501475