0 0.28429394812680114 0.75292343387471 0.08164265129682992 0.05877030162413002
2 0.6055619596541787 0.6127842227378191 0.05674351585014409 0.062436194895591636
5 0.6495389048991355 0.27271461716937356 0.08118155619596547 0.057192575406032495
2 0.4121613832853026 0.7264269141531322 0.05495677233429393 0.06844547563805105
7 0.32870317002881844 0.4103944315545244 0.05152737752161382 0.05758700696055683
7 0.5203746397694524 0.2993271461716937 0.05613832853025942 0.06064965197215774
6 0.3578386167146974 0.530278422273782 0.0703458213256484 0.06621809744779587
1 0.48518731988472624 0.5361252900232019 0.06103746397694527 0.05331786542923438
1 0.47031700288184436 0.49730858468677497 0.06536023054755045 0.047610208816705295
6 0.390864553314121 0.4802320185614849 0.060461095100864566 0.048955916473317915
6 0.4254466858789625 0.46259860788863105 0.06046109510086461 0.048955916473317915