2 0.6337876386687797 0.640392523364486 0.0412361331220285 0.06463551401869166
2 0.7646434231378764 0.550841121495327 0.03942947702060221 0.06485981308411223
2 0.7436450079239303 0.6254205607476636 0.04015847860538832 0.062411214953271
0 0.8076228209191759 0.6225420560747663 0.05865293185419967 0.06035514018691582
2 0.6445324881141046 0.41723364485981307 0.04147385103011087 0.06644859813084114
2 0.7641679873217115 0.6905046728971963 0.039952456418383575 0.06474766355140184
2 0.6450237717908083 0.7814953271028038 0.04015847860538832 0.06287850467289717
7 0.29199683042789226 0.550841121495327 0.03896988906497619 0.06104672897196256
5 0.2473217115689382 0.6237009345794393 0.05686212361331219 0.05794392523364486
6 0.2876386687797147 0.6439252336448598 0.05388272583201268 0.06355140186915888
6 0.3462757527733756 0.7149532710280374 0.042789223454833596 0.0616822429906542
6 0.3815372424722662 0.7261682242990655 0.04675118858954041 0.05420560747663551
6 0.3264659270998415 0.7504672897196262 0.05388272583201268 0.06542056074766354