2 0.7446218487394958 0.532265625 0.04336134453781505 0.09257812500000002
2 0.6279327731092437 0.25364583333333335 0.04638655462184878 0.10914062499999999
2 0.8046890756302522 0.6650260416666667 0.043210084033613504 0.09088541666666661
2 0.7661176470588235 0.41234375 0.04297478991596647 0.09309895833333333
2 0.6235294117647059 0.783828125 0.04601680672268907 0.09414062499999994
5 0.18872268907563025 0.5375520833333333 0.06131092436974788 0.08635416666666673
0 0.8125042016806723 0.536796875 0.06231932773109251 0.08682291666666675
7 0.20215126050420168 0.6669270833333334 0.04216806722689074 0.08809895833333337
2 0.6210924369747899 0.5481510416666667 0.04302521008403365 0.09140625000000006
7 0.2393781512605042 0.41044270833333335 0.04147899159663867 0.09075520833333339
7 0.37670588235294117 0.244765625 0.04287394957983192 0.0895572916666667
7 0.26099159663865545 0.534140625 0.04152941176470585 0.08890624999999996
7 0.3840336134453782 0.5496614583333334 0.04208403361344541 0.09007812500000008
6 0.30102521008403366 0.7403124999999999 0.053008403361344575 0.08585937500000007
6 0.5660336134453782 0.37666666666666665 0.057630252100840273 0.08184895833333335
1 0.5849411764705883 0.4557291666666667 0.05742857142857136 0.08247395833333337