6 0.49498753117206984 0.5473536299765808 0.06044887780548631 0.055714285714285765
2 0.40815461346633414 0.7197189695550351 0.04885286783042388 0.06063231850117093
0 0.29558603491271823 0.7495081967213115 0.07182044887780552 0.05770491803278685
1 0.5248877805486284 0.6489227166276346 0.05563591022443891 0.053489461358313894
6 0.5381296758104738 0.5668852459016394 0.052219451371571066 0.054590163934426235
1 0.2696009975062344 0.7924824355971897 0.06122194513715713 0.055714285714285626
6 0.5787032418952619 0.5795784543325526 0.05154613466334169 0.05529274004683837
6 0.5186284289276808 0.5332084309133489 0.05211970074812962 0.04803278688524588
5 0.6119700748129676 0.26489461358313815 0.06922693266832923 0.05866510538641689
7 0.33483790523690776 0.4038173302107729 0.04740648379052367 0.06175644028103046
7 0.5012219451371571 0.29053864168618265 0.048927680798005 0.06142857142857144
1 0.5014713216957606 0.6342857142857142 0.05401496259351627 0.057915690866510584
1 0.3553865336658354 0.766112412177986 0.06221945137157105 0.05697892271662773
2 0.5745386533665835 0.621592505854801 0.04837905236907725 0.03555035128805609