2 0.3722466960352423 0.246875 0.04405286343612335 0.0875
2 0.2577092511013216 0.3546875 0.04405286343612335 0.084375
2 0.3931718061674009 0.4390625 0.04185022026431718 0.084375
2 0.276431718061674 0.4734375 0.04185022026431718 0.084375
2 0.24559471365638766 0.578125 0.046255506607929514 0.0875
2 0.3722466960352423 0.721875 0.04405286343612335 0.08125
0 0.1894273127753304 0.4734375 0.06167400881057269 0.078125
5 0.8016960352422908 0.47840625000000003 0.07449339207048469 0.09834374999999991
7 0.7317400881057269 0.35340625000000003 0.05894273127753302 0.09284375000000003
6 0.6607929515418502 0.47471874999999997 0.07773127753303957 0.109375
1 0.5998898678414097 0.396125 0.055704845814977894 0.06065624999999999
1 0.633898678414097 0.34328125 0.05636563876651989 0.078125
1 0.6034581497797358 0.3474375 0.04988986784140964 0.06434375