7 0.8037100213219616 0.5768313953488372 0.03985074626865683 0.0770930232558139
7 0.6147547974413646 0.18156976744186049 0.04138592750533042 0.07822674418604653
2 0.3742643923240938 0.21668604651162793 0.04336886993603406 0.08174418604651164
2 0.2138592750533049 0.4044186046511628 0.04257995735607676 0.07880813953488376
7 0.7519616204690832 0.4896220930232558 0.03912579957356081 0.07750000000000007
0 0.19373134328358207 0.5109302325581395 0.061641791044776115 0.07514534883720937
2 0.2634328358208955 0.4902906976744186 0.04176972281449894 0.07880813953488376
7 0.7792963752665245 0.35848837209302326 0.03933901918976555 0.07709302325581394
7 0.6459914712153518 0.75625 0.040916844349680286 0.0782267441860465
2 0.2355863539445629 0.6211046511627907 0.041130063965884846 0.07822674418604658
5 0.8222601279317697 0.4713081395348837 0.059104477611940355 0.07360465116279068
7 0.6298933901918977 0.47165697674418605 0.04106609808102343 0.07909883720930226
2 0.4047761194029851 0.7935174418604652 0.04443496801705751 0.0795639534883721
2 0.38916844349680174 0.5019476744186047 0.040767590618336895 0.0770930232558139
6 0.518550106609808 0.519593023255814 0.04586353944562898 0.059011627906976775
1 0.49023454157782514 0.2065406976744186 0.055287846481876346 0.07252906976744185
6 0.5219829424307036 0.46848837209302324 0.05275053304904053 0.0711918604651163
6 0.4644776119402985 0.48343023255813955 0.05014925373134325 0.06997093023255813