0 0.20763392857142857 0.4993015873015873 0.06084821428571426 0.07349206349206341
5 0.8076116071428572 0.5003492063492064 0.058236607142857215 0.06704761904761906
2 0.2768526785714286 0.37812698412698414 0.04457589285714282 0.08298412698412704
7 0.7529241071428572 0.5989523809523809 0.04203125000000009 0.08282539682539675
7 0.7202232142857143 0.4972380952380952 0.04066964285714292 0.08057142857142856
2 0.3872098214285714 0.2734285714285714 0.04410714285714284 0.08238095238095235
2 0.2587946428571429 0.5968888888888889 0.05004464285714289 0.08803174603174609
1 0.4272544642857143 0.6097142857142858 0.0529241071428571 0.08073015873015875
6 0.6046428571428571 0.4884444444444445 0.048928571428571335 0.07355555555555561
1 0.5371205357142858 0.5468888888888889 0.05582589285714284 0.07317460317460321
6 0.5675446428571428 0.48142857142857143 0.04959821428571435 0.07263492063492062