7 0.2811791383219955 0.6264236902050114 0.04081632653061224 0.05466970387243736
2 0.6213151927437641 0.46583143507972663 0.04081632653061224 0.05694760820045558
0 0.8027210884353742 0.6264236902050114 0.06349206349206349 0.05922551252847381
2 0.5997732426303855 0.6036446469248291 0.04308390022675737 0.05922551252847381
7 0.24829931972789115 0.7004555808656037 0.03854875283446712 0.05694760820045558
2 0.7505668934240363 0.6993166287015945 0.045351473922902494 0.05922551252847381
7 0.2653061224489796 0.5421412300683371 0.04081632653061224 0.05466970387243736
2 0.6213151927437641 0.8018223234624146 0.04081632653061224 0.05922551252847381
5 0.19387755102040816 0.6275626423690205 0.05668934240362812 0.05239179954441914
2 0.7335600907029478 0.5421412300683371 0.04308390022675737 0.05922551252847381
1 0.3212471655328798 0.7355808656036447 0.05857142857142854 0.05314350797266524
1 0.27494331065759636 0.7479043280182232 0.06047619047619051 0.04555808656036447
1 0.30281179138321995 0.5134851936218678 0.07274376417233556 0.06453302961275623