2 0.4067410714285714 0.43825287356321835 0.04457589285714279 0.06154022988505743
5 0.8481473214285715 0.3660919540229885 0.06334821428571427 0.05531034482758621
7 0.76953125 0.36885057471264365 0.04131696428571426 0.0581379310344828
2 0.23265625 0.4420229885057471 0.04410714285714284 0.06668965517241378
7 0.8154241071428572 0.44604597701149423 0.04169642857142846 0.05942528735632189
0 0.1994642857142857 0.36432183908045973 0.06439732142857142 0.05737931034482754
7 0.6489285714285715 0.2241609195402299 0.042388392857142874 0.06009195402298854
2 0.39477678571428576 0.6150114942528735 0.045602678571428586 0.06266666666666665
7 0.6450223214285715 0.4385057471264368 0.04203125000000009 0.05921839080459768
7 0.8115178571428572 0.29317241379310344 0.04194196428571421 0.06041379310344831
7 0.6572321428571428 0.6155172413793103 0.041629464285714235 0.06188505747126434
2 0.38453125000000005 0.3180689655172414 0.045200892857142856 0.043586206896551676
2 0.2724553571428571 0.371632183908046 0.0546875 0.06733333333333338
1 0.47339285714285717 0.2617471264367816 0.051941964285714244 0.05232183908045975
2 0.3979464285714286 0.21963218390804598 0.03325892857142852 0.05041379310344829
1 0.44457589285714283 0.33593103448275863 0.04968749999999998 0.0513563218390804
6 0.5019642857142858 0.614 0.05252232142857137 0.0574942528735632
6 0.5249107142857142 0.19273563218390805 0.05109374999999997 0.06066666666666663
1 0.2536607142857143 0.2690344827586207 0.0560267857142857 0.05802298850574715
1 0.42015624999999995 0.262 0.051540178571428515 0.05604597701149424
1 0.5249107142857142 0.43749425287356325 0.05571428571428567 0.05632183908045977
2 0.3974553571428571 0.20429885057471264 0.03160714285714291 0.01995402298850576
2 0.23620535714285712 0.29694252873563215 0.04535714285714284 0.05308045977011492
2 0.3823214285714286 0.2454022988505747 0.04296875 0.04551724137931037