7 0.7223451327433629 0.5030487804878049 0.03761061946902655 0.07926829268292683
2 0.41261061946902655 0.4725609756097561 0.0420353982300885 0.07926829268292683
7 0.7389380530973452 0.3902439024390244 0.03982300884955752 0.07926829268292683
2 0.39048672566371684 0.2896341463414634 0.0420353982300885 0.07926829268292683
2 0.2997787610619469 0.5030487804878049 0.0420353982300885 0.07926829268292683
2 0.28207964601769914 0.3902439024390244 0.0420353982300885 0.07926829268292683
7 0.754424778761062 0.6021341463414634 0.03982300884955752 0.07621951219512195
7 0.6095132743362832 0.4740853658536585 0.03761061946902655 0.07621951219512195
2 0.2665929203539823 0.600609756097561 0.0420353982300885 0.07926829268292683
2 0.39048672566371684 0.7378048780487805 0.0420353982300885 0.07926829268292683
7 0.6305309734513275 0.2896341463414634 0.03982300884955752 0.07926829268292683
1 0.4646017699115044 0.6570121951219512 0.048672566371681415 0.07621951219512195
1 0.4889380530973451 0.30335365853658536 0.048672566371681415 0.0701219512195122
5 0.8086283185840708 0.5030487804878049 0.059734513274336286 0.07317073170731707
6 0.5796460176991151 0.7179878048780488 0.048672566371681415 0.0701219512195122
6 0.5420353982300885 0.28810975609756095 0.05752212389380531 0.07621951219512195
0 0.21349557522123894 0.5045731707317073 0.059734513274336286 0.07621951219512195
2 0.5339823008849558 0.7266158536585366 0.0529646017699115 0.06189024390243906