2 0.3129915560916767 0.5165699873896595 0.043944511459589844 0.05997477931904154
5 0.821773220747889 0.49181588902900375 0.06359469240048254 0.058890290037831076
7 0.7793003618817852 0.41651954602774277 0.04296743063932436 0.0617906683480454
2 0.2639203860072376 0.5691551071878941 0.04501809408926417 0.05665825977301381
1 0.4077201447527141 0.4698612862547289 0.05242460796139932 0.053303909205548526
7 0.7573220747889023 0.515296343001261 0.04336550060313636 0.05901639344262289
2 0.29248492159227985 0.4175409836065574 0.04302774427020509 0.05978562421185368
1 0.3820747889022919 0.515296343001261 0.05261761158021713 0.055321563682219424
7 0.8081061519903497 0.5711853720050442 0.04452352231604353 0.060327868852459055
7 0.6445355850422196 0.49308953341740225 0.04248492159227989 0.0621185372005044
0 0.24866103739445114 0.49029003783102143 0.06311218335343786 0.057717528373266054
6 0.4350542822677925 0.5303530895334174 0.048950542822677974 0.05203026481715005
1 0.4973100120627262 0.2853341740226986 0.051363088057901136 0.05988650693568728
7 0.6586972255729794 0.7258511979823455 0.04296743063932436 0.06109709962168984
7 0.6430639324487334 0.27767969735182846 0.041845597104945786 0.06504413619167715
6 0.4936550060313631 0.5155485498108449 0.045018094089264236 0.053215636822194254
6 0.46728588661037396 0.5198865069356873 0.04913148371531968 0.0510718789407314
2 0.4311580217129071 0.27870113493064314 0.04138721351025339 0.06361916771752836
6 0.4987816646562123 0.518108448928121 0.02869722557297945 0.044665825977301336
2 0.4189264173703257 0.7241488020176545 0.048950542822677974 0.06644388398486765
6 0.46728588661037396 0.5198865069356873 0.042086851628468015 0.046355611601513226
1 0.36119420989143547 0.32979823455233287 0.045536791314837156 0.04158890290037833