2 0.6172069825436409 0.43963254593175854 0.04738154613466334 0.07086614173228346
2 0.6172069825436409 0.20866141732283464 0.04738154613466334 0.07086614173228346
2 0.7905236907730673 0.531496062992126 0.05486284289276808 0.07611548556430446
2 0.6309226932668329 0.6955380577427821 0.04987531172069826 0.06824146981627296
2 0.7618453865336658 0.36089238845144356 0.05236907730673317 0.07086614173228346
0 0.8092269326683291 0.442257217847769 0.06733167082294264 0.06036745406824147
2 0.7394014962593516 0.4658792650918635 0.04738154613466334 0.07086614173228346
1 0.4775561097256858 0.7572178477690289 0.057356608478802994 0.06036745406824147
7 0.2057356608478803 0.5288713910761155 0.04738154613466334 0.06561679790026247
1 0.3341645885286783 0.3188976377952756 0.059850374064837904 0.06036745406824147
5 0.19077306733167082 0.4409448818897638 0.06733167082294264 0.06299212598425197
7 0.26059850374064836 0.468503937007874 0.04738154613466334 0.06561679790026247
6 0.27057356608478805 0.3451443569553806 0.057356608478802994 0.06036745406824147
1 0.29177057356608477 0.2992125984251969 0.059850374064837904 0.06824146981627296