2 0.2559652928416486 0.6162079510703364 0.04338394793926247 0.08256880733944955
2 0.3806941431670282 0.7553516819571865 0.0455531453362256 0.07951070336391437
2 0.40238611713665945 0.4801223241590214 0.04121475054229935 0.07951070336391437
2 0.27006507592190887 0.39602446483180426 0.0455531453362256 0.08256880733944955
2 0.2885032537960954 0.5122324159021406 0.04338394793926247 0.08256880733944955
0 0.20065075921908893 0.5122324159021406 0.06290672451193059 0.0764525993883792
1 0.46963123644251625 0.37920489296636084 0.049891540130151846 0.07951070336391437
7 0.7342733188720173 0.39602446483180426 0.04121475054229935 0.08256880733944955
7 0.7169197396963124 0.5137614678899083 0.04121475054229935 0.07951070336391437
1 0.5238611713665944 0.1834862385321101 0.05422993492407809 0.07339449541284404
6 0.5726681127982647 0.27217125382262997 0.04338394793926247 0.07339449541284404
5 0.8015184381778742 0.5122324159021406 0.06290672451193059 0.0764525993883792
7 0.7494577006507592 0.6162079510703364 0.04121475054229935 0.08256880733944955
7 0.6257700650759219 0.7585015290519878 0.04863340563991314 0.0824770642201834
2 0.38255965292841654 0.2918960244648318 0.04995661605206068 0.09452599388379204
1 0.5005639913232104 0.2603975535168196 0.05455531453362251 0.07412844036697251
6 0.5485466377440347 0.3011620795107034 0.05455531453362251 0.07782874617737