1 0.3574660633484163 0.2300380228136882 0.049773755656108594 0.08745247148288973
0 0.21380090497737556 0.49049429657794674 0.06108597285067873 0.09125475285171103
5 0.7850678733031674 0.49809885931558934 0.058823529411764705 0.09125475285171103
6 0.7239819004524887 0.39832699619771866 0.05076923076923089 0.10110266159695819
6 0.6646606334841628 0.41038022813688213 0.061244343891402826 0.08996197718631177
6 0.6249321266968326 0.4581368821292776 0.06676470588235292 0.0946007604562738
6 0.5261538461538462 0.6000000000000001 0.06676470588235292 0.0982889733840305
6 0.6665837104072398 0.3584410646387833 0.05518099547511309 0.06954372623574141
1 0.6323755656108597 0.3765019011406844 0.04855203619909511 0.06863117870722438
2 0.385158371040724 0.7469961977186312 0.04966063348416287 0.12148288973384026
2 0.2637782805429864 0.6180988593155894 0.05076923076923076 0.12148288973384026
2 0.26210407239819006 0.34406844106463874 0.05848416289592762 0.10942965779467681
7 0.7441176470588234 0.6570342205323194 0.04579185520361993 0.1252091254752852