0 0.8295973154362416 0.4581723237597911 0.0597539149888144 0.06433420365535245
2 0.6567337807606264 0.4584595300261097 0.04302013422818796 0.06908616187989551
2 0.8149440715883668 0.5456657963446475 0.04232662192393727 0.06710182767624018
2 0.7871140939597315 0.37668407310704966 0.043355704697986566 0.06835509138381203
2 0.7670917225950783 0.48381201044386424 0.040380313199105046 0.06796344647519575
5 0.27416107382550337 0.4530548302872063 0.058344519015659985 0.05464751958224545
1 0.5693288590604028 0.473289817232376 0.05118568232662191 0.06164490861618802
7 0.335682326621924 0.486396866840731 0.04263982102908278 0.06650130548302864
1 0.31592841163310964 0.5750130548302872 0.06020134228187922 0.07856396866840724
1 0.42968680089485456 0.7351436031331593 0.05031319910514544 0.05872062663185381
6 0.2710067114093959 0.5402349869451697 0.044183445190156566 0.05167101827676245
2 0.6557718120805369 0.22738903394255874 0.04281879194630869 0.06924281984334206
1 0.27221476510067116 0.5410966057441253 0.05212527964205819 0.061070496083550876
7 0.33617449664429533 0.5014882506527415 0.04114093959731541 0.034412532637075735
2 0.6709395973154363 0.7103394255874673 0.047225950782997794 0.07049608355091384