2 0.7214411247803163 0.40807799442896936 0.043936731107205626 0.09749303621169916
2 0.6054481546572935 0.28551532033426186 0.043936731107205626 0.09749303621169916
2 0.7021089630931459 0.5445682451253482 0.043936731107205626 0.09749303621169916
2 0.7381370826010545 0.6657381615598886 0.04569420035149385 0.0947075208913649
2 0.6054481546572935 0.8342618384401114 0.04745166959578207 0.09749303621169916
2 0.5817223198594025 0.5139275766016713 0.0421792618629174 0.08635097493036212
0 0.7917398945518453 0.5459610027855153 0.06502636203866433 0.08913649025069638
5 0.1608084358523726 0.5501392757660167 0.061511423550087874 0.08635097493036212
1 0.4367311072056239 0.3138440111420613 0.07205623901581722 0.10214484679665735
1 0.2700702987697715 0.2920055710306407 0.06444639718804923 0.07891364902506967
6 0.28061511423550084 0.40668523676880225 0.05857644991212651 0.10027855153203342
7 0.2551318101933216 0.5464345403899721 0.06620386643233746 0.10676880222841222
7 0.21616871704745166 0.6689972144846795 0.060931458699472786 0.11420612813370466