1 0.5205761316872428 0.5439429928741093 0.04526748971193416 0.057007125890736345
2 0.33127572016460904 0.5285035629453682 0.0411522633744856 0.06413301662707839
2 0.31995884773662553 0.6935866983372921 0.03909465020576132 0.06175771971496437
7 0.7407407407407407 0.6211401425178147 0.037037037037037035 0.05463182897862233
0 0.26851851851851855 0.6199524940617577 0.05555555555555555 0.057007125890736345
1 0.4742798353909465 0.6092636579572447 0.047325102880658436 0.0688836104513064
7 0.6368312757201646 0.5926365795724465 0.03909465020576132 0.05938242280285035
2 0.4331275720164609 0.4501187648456057 0.03909465020576132 0.06413301662707839
6 0.7417695473251029 0.5332541567695962 0.047325102880658436 0.05463182897862233
7 0.772633744855967 0.6959619952494062 0.03497942386831276 0.057007125890736345
5 0.8209876543209876 0.6211401425178147 0.053497942386831275 0.04513064133016627
6 0.7597325102880659 0.5577434679334917 0.05855967078189308 0.06121140142517811