5 0.8149462365591398 0.508375 0.05696774193548389 0.06918749999999996
2 0.28931182795698923 0.6055937499999999 0.04208602150537633 0.08246874999999995
2 0.41040860215053765 0.28684375 0.0416774193548387 0.08128124999999997
7 0.7622150537634409 0.604875 0.040365591397849426 0.08156250000000007
7 0.7294838709677419 0.50340625 0.039698924731182875 0.08109374999999996
7 0.6220645161290322 0.4721875 0.03978494623655914 0.07965625000000003
2 0.3029892473118279 0.38971875 0.04047311827956988 0.08634375000000002
1 0.4396989247311828 0.51653125 0.06279569892473116 0.09746874999999999
2 0.24926881720430108 0.5144062500000001 0.0329677419354839 0.05812500000000007
2 0.2310752688172043 0.51121875 0.07135483870967743 0.08156250000000007
6 0.494 0.71784375 0.06705376344086023 0.10662500000000001