7 0.7817293233082707 0.5824941724941725 0.03449248120300756 0.062167832167832136
7 0.8061466165413534 0.47715617715617714 0.03494360902255645 0.06046620046620046
7 0.8266541353383459 0.6509324009324009 0.03607142857142867 0.06160839160839149
2 0.3059022556390978 0.514988344988345 0.037969924812030056 0.06463869463869468
2 0.3481390977443609 0.5861305361305361 0.0431203007518797 0.06920745920745927
2 0.3268984962406015 0.6902797202797203 0.038176691729323316 0.0637995337995338
0 0.2900375939849624 0.5949184149184149 0.05389097744360905 0.07331002331002329
7 0.6743233082706767 0.5682750582750583 0.0357330827067669 0.06428904428904425
2 0.475093984962406 0.827132867132867 0.038815789473684165 0.062400932400932356
2 0.44896616541353385 0.3648251748251748 0.03838345864661657 0.06550116550116555
5 0.8437593984962406 0.567972027972028 0.052330827067669235 0.05783216783216784
2 0.46167293233082707 0.5934032634032634 0.03823308270676687 0.0633566433566433
1 0.5385714285714286 0.5449650349650349 0.04453007518797003 0.061724941724941765
6 0.637687969924812 0.37783216783216783 0.043947368421052624 0.055710955710955655
6 0.6020488721804511 0.808974358974359 0.04639097744360893 0.05645687645687652
7 0.6625939849624061 0.336060606060606 0.030563909774436075 0.06289044289044293
6 0.6007518796992481 0.5822843822843823 0.05263157894736842 0.06060606060606061