2 0.36596319018404905 0.8209909909909909 0.04803680981595089 0.07716216216216232
2 0.1367239263803681 0.3901801801801802 0.047693251533742334 0.07842342342342346
2 0.3298282208588957 0.17193693693693696 0.04787730061349691 0.07827327327327328
7 0.549803680981595 0.12106606606606606 0.04553374233128836 0.07782282282282281
7 0.747558282208589 0.3462612612612613 0.04715337423312891 0.07984984984984982
0 0.1220122699386503 0.4986336336336336 0.06280981595092024 0.07099099099099095
2 0.2016564417177914 0.4723423423423423 0.047521472392638056 0.07716216216216214
6 0.5400368098159509 0.7887237237237237 0.054809815950920195 0.07073573573573567
2 0.33349693251533746 0.4792192192192193 0.047791411042944806 0.08103603603603608
5 0.7934601226993865 0.44873873873873876 0.06769325153374242 0.07573573573573582
1 0.38085889570552145 0.17597597597597595 0.06084662576687121 0.07009009009009008
1 0.45044171779141107 0.8012762762762763 0.05770552147239261 0.06920420420420417
7 0.5913128834355829 0.45918918918918916 0.04715337423312877 0.07573573573573565
2 0.17236809815950918 0.596921921921922 0.0421717791411043 0.07737237237237234
7 0.5932638036809816 0.7678078078078078 0.04647852760736196 0.07614114114114119
7 0.7812515337423314 0.5536036036036036 0.04534969325153379 0.07722222222222215
6 0.48974233128834355 0.521936936936937 0.05358282208588952 0.06767267267267275
7 0.7148466257668712 0.4711411411411411 0.04620858895705531 0.07857357357357364
6 0.4440858895705522 0.14602102102102102 0.06008588957055218 0.07219219219219217
1 0.37720245398773006 0.46247747747747747 0.047693251533742334 0.06644144144144144
1 0.41040490797546014 0.47623123123123123 0.05212269938650309 0.06644144144144144
6 0.4905153374233129 0.5801201201201202 0.05358282208588952 0.06767267267267275
1 0.39353374233128835 0.5175225225225225 0.05212269938650309 0.06644144144144144