2 0.6347661469933185 0.22473007712082263 0.04280623608017824 0.07061696658097687
2 0.769042316258352 0.3761953727506427 0.04510022271714922 0.06871465295629825
0 0.8110244988864143 0.4582005141388175 0.06347438752783964 0.06562982005141381
2 0.7978619153674833 0.5455526992287918 0.043942093541202716 0.06871465295629825
2 0.7480400890868597 0.4844215938303342 0.042561247216035665 0.067095115681234
7 0.40819599109131405 0.7151928020565552 0.04311804008908689 0.07000000000000005
5 0.2410913140311804 0.4573521850899743 0.06175946547884185 0.06383033419023132
1 0.5712917594654788 0.2727763496143959 0.052605790645879745 0.06442159383033419
7 0.2836971046770601 0.37647814910025706 0.043608017817371905 0.06784061696658095
7 0.25585746102449886 0.5469665809768638 0.04376391982182629 0.06696658097686378
7 0.3071269487750557 0.4858097686375321 0.04046770601336307 0.06745501285347046
2 0.6342761692650335 0.45876606683804627 0.04262806236080175 0.06832904884318762
6 0.4946325167037862 0.49203084832904886 0.06781737193763918 0.08156812339331625
1 0.5312472160356347 0.4858097686375321 0.04995545657015592 0.07128534704370185
1 0.8730512249443207 0.38886889460154245 0.05654788418708238 0.06858611825192804
6 0.6220712694877506 0.7332390745501286 0.0549888641425391 0.06128534704370188