5 0.8876984126984127 0.4306578947368421 0.0520337301587302 0.07603618421052634
1 0.609375 0.36953947368421053 0.046478174603174514 0.07462171052631579
2 0.5117162698412698 0.4642598684210526 0.03582341269841265 0.08343750000000003
7 0.8710912698412698 0.5354934210526315 0.03643849206349208 0.08985197368421052
2 0.49902777777777774 0.1629111842105263 0.03448412698412698 0.08773026315789474
7 0.829593253968254 0.4512993421052631 0.04037698412698417 0.0823684210526316
0 0.345218253968254 0.4731578947368421 0.0520337301587302 0.07559210526315796
2 0.3813492063492063 0.5824506578947368 0.03689484126984132 0.09425986842105254
2 0.4044940476190476 0.45098684210526313 0.03524801587301585 0.07958881578947366
6 0.7084920634920635 0.4444243421052631 0.048035714285714355 0.07462171052631579
6 0.8662103174603174 0.30296052631578946 0.03704365079365071 0.06860197368421049
1 0.5825198412698412 0.7403125 0.04434523809523814 0.07245065789473677
1 0.6607837301587302 0.7558388157894737 0.04434523809523814 0.07245065789473677
2 0.3601984126984127 0.36475328947368424 0.036874999999999956 0.08682565789473688