2 0.20751219512195124 0.47965317919075146 0.04131707317073172 0.06737957610789987
2 0.23632520325203252 0.6572832369942196 0.04297560975609757 0.06689788053949909
0 0.19665040650406504 0.5705009633911368 0.0592032520325203 0.06144508670520229
2 0.38134959349593495 0.5548747591522158 0.043121951219512164 0.06763005780346826
2 0.2668455284552846 0.5490944123314065 0.04193495934959353 0.06824662813102111
7 0.7177723577235773 0.5485163776493256 0.040162601626016335 0.06614643545279392
7 0.6113333333333334 0.80252408477842 0.04099186991869925 0.06726396917148356
7 0.7773495934959349 0.6173603082851639 0.04061788617886182 0.06578034682080922
7 0.7475609756097561 0.44059730250481693 0.04061788617886182 0.06516377649325625
2 0.40991869918699186 0.8482273603082852 0.04281300813008127 0.06566473988439314
5 0.7871056910569105 0.5302890173410405 0.057593495934959285 0.06375722543352608
1 0.4985365853658537 0.2732369942196532 0.05530081300813006 0.0643352601156069
7 0.5752032520325203 0.2483622350674374 0.04099186991869925 0.06589595375722541
1 0.5 0.8192870905587668 0.051089430894308875 0.0595183044315992
1 0.44066666666666665 0.5352023121387283 0.04803252032520319 0.06075144508670515
1 0.5048780487804878 0.5406936416184971 0.051447154471544694 0.062447013487475854
6 0.589349593495935 0.5534296724470136 0.04611382113821141 0.055587668593448984
1 0.38330081300813007 0.282504816955684 0.05429268292682925 0.06849710982658962
7 0.6064390243902439 0.5383815028901734 0.03970731707317066 0.06726396917148356
1 0.5434634146341464 0.5707899807321772 0.04544715447154479 0.056300578034682136