6 0.4506024096385542 0.7645631067961165 0.05783132530120482 0.05825242718446602
2 0.7710843373493976 0.42718446601941745 0.043373493975903614 0.06310679611650485
2 0.8012048192771084 0.5825242718446602 0.04578313253012048 0.06310679611650485
1 0.4855421686746988 0.8385922330097088 0.05542168674698795 0.055825242718446605
2 0.7493975903614458 0.5266990291262136 0.043373493975903614 0.06310679611650485
2 0.6289156626506024 0.5036407766990292 0.04819277108433735 0.06553398058252427
7 0.26265060240963856 0.42718446601941745 0.043373493975903614 0.06310679611650485
0 0.8156626506024096 0.5024271844660194 0.06506024096385542 0.05825242718446602
2 0.6277108433734939 0.28519417475728154 0.04096385542168675 0.06553398058252427
5 0.21927710843373494 0.5024271844660194 0.06265060240963856 0.05339805825242718
2 0.6445783132530121 0.7354368932038835 0.04578313253012048 0.06310679611650485
7 0.4072289156626506 0.5036407766990292 0.043373493975903614 0.06067961165048544
7 0.4072289156626506 0.28640776699029125 0.043373493975903614 0.06310679611650485
7 0.28433734939759037 0.5279126213592233 0.043373493975903614 0.06067961165048544
1 0.553012048192771 0.29004854368932037 0.060240963855421686 0.08009708737864078
1 0.5630120481927711 0.31973300970873786 0.04542168674698801 0.049466019417475714
6 0.5129638554216868 0.3029368932038835 0.05838554216867474 0.05881067961165049
6 0.498144578313253 0.26419902912621357 0.05653012048192766 0.052281553398058234
7 0.23151807228915663 0.5829854368932039 0.043373493975903614 0.06067961165048544