2 0.7716186252771619 0.40455531453362253 0.04434589800443459 0.05856832971800434
2 0.8126385809312638 0.33405639913232105 0.04212860310421286 0.05639913232104121
2 0.6507760532150776 0.47071583514099785 0.050997782705099776 0.06073752711496746
2 0.8170731707317073 0.4750542299349241 0.04212860310421286 0.06073752711496746
1 0.6895787139689579 0.3557483731019523 0.05321507760532151 0.05639913232104121
0 0.8492239467849224 0.40130151843817785 0.06208425720620843 0.05639913232104121
7 0.4035476718403548 0.2678958785249458 0.04434589800443459 0.05856832971800434
6 0.5720620842572062 0.22668112798264642 0.057649667405764965 0.06290672451193059
5 0.20620842572062084 0.403470715835141 0.057649667405764965 0.052060737527114966
7 0.4113082039911308 0.47071583514099785 0.04656319290465632 0.05639913232104121
7 0.2394678492239468 0.4772234273318872 0.04434589800443459 0.05639913232104121
7 0.24279379157427938 0.33405639913232105 0.04212860310421286 0.05639913232104121
2 0.6623059866962305 0.6403904555314535 0.06363636363636374 0.06414316702819968
1 0.6382039911308204 0.24379609544468547 0.053991130820399164 0.05941431670281999
7 0.3966962305986696 0.6408459869848157 0.05687361419068731 0.07073752711496749