0 0.8168859649122807 0.49365625 0.06030701754385965 0.07709375000000004
2 0.75 0.37712500000000004 0.04107456140350881 0.08328124999999997
2 0.6210964912280702 0.4595625 0.04201754385964905 0.08028125
2 0.7656359649122807 0.5935312500000001 0.04326754385964916 0.08328124999999993
2 0.6420833333333333 0.73196875 0.04138157894736843 0.08087499999999999
2 0.7377850877192983 0.49365625 0.05379385964912275 0.08803125000000005
5 0.22815789473684212 0.492625 0.05800438596491225 0.07621874999999996
1 0.5400438596491228 0.27396875 0.05410087719298243 0.07306249999999999
2 0.6416008771929824 0.2738125 0.04208333333333345 0.08059374999999998
7 0.2819736842105263 0.5938749999999999 0.04015350877192983 0.08118750000000005
7 0.313969298245614 0.49018750000000005 0.040614035087719255 0.08162500000000002
7 0.4035745614035088 0.73128125 0.04076754385964907 0.07853124999999998
6 0.4826754385964912 0.2783125 0.05418859649122802 0.07581249999999998
6 0.33495614035087723 0.3546875 0.04690789473684207 0.07953124999999997
1 0.4094298245614035 0.33034375 0.04067982456140353 0.06796875
7 0.2985745614035088 0.37571875 0.04122807017543862 0.08640625000000002
6 0.3823245614035088 0.46687500000000004 0.05195175438596491 0.06896874999999998
1 0.4091885964912281 0.43209375000000005 0.051535087719298246 0.0859375
7 0.401359649122807 0.26387499999999997 0.032039473684210555 0.06087499999999997
6 0.3823245614035088 0.34234375 0.05059210526315788 0.07484374999999996