2 0.2736897274633124 0.4555757575757576 0.04123689727463316 0.08496969696969703
7 0.7514675052410901 0.32342424242424245 0.038825995807127846 0.08312121212121214
2 0.21618448637316562 0.37087878787878786 0.0429769392033543 0.08342424242424243
2 0.24524109014675052 0.5861515151515152 0.04106918238993711 0.08172727272727282
7 0.5810482180293501 0.09175757575757576 0.038972746331236964 0.08036363636363635
0 0.20557651991614256 0.481 0.059119496855345885 0.07878787878787878
2 0.38769392033542976 0.46299999999999997 0.04201257861635224 0.08324242424242416
7 0.6123060796645702 0.44181818181818183 0.03979035639413002 0.07993939393939392
7 0.7817400419287212 0.538878787878788 0.039119496855345846 0.07848484848484842
2 0.38549266247379455 0.14327272727272727 0.04201257861635224 0.08324242424242424
5 0.7924737945492663 0.43087878787878786 0.057505241090146646 0.07357575757575749
7 0.7231446540880503 0.455939393939394 0.04037735849056602 0.08084848484848486
2 0.4160167714884696 0.8173030303030302 0.04138364779874216 0.08160606060606046
7 0.6162054507337527 0.760848484848485 0.04092243186582806 0.07993939393939402
6 0.509287211740042 0.48700000000000004 0.04788259958071273 0.0731515151515151
1 0.46729559748427674 0.4679393939393939 0.04647798742138368 0.07193939393939397
1 0.5073165618448637 0.7784848484848484 0.05371069182389938 0.08372727272727272
6 0.5576729559748428 0.7542727272727273 0.050964360587002044 0.07172727272727278