1 0.5 0.16314199395770393 0.04627766599597585 0.07250755287009064
7 0.7907444668008048 0.33534743202416917 0.04024144869215292 0.07854984894259819
6 0.7293762575452716 0.4516616314199396 0.04627766599597585 0.06948640483383686
1 0.24949698189134809 0.525679758308157 0.0482897384305835 0.07250755287009064
5 0.8319919517102615 0.4516616314199396 0.05432595573440644 0.0755287009063444
7 0.7645875251509054 0.47129909365558914 0.03621730382293763 0.07854984894259819
1 0.4074446680080483 0.28465256797583083 0.05408450704225351 0.07081570996978852
7 0.8136418511066398 0.5626888217522659 0.05408450704225351 0.09631419939577038
2 0.3081086519114688 0.4748942598187311 0.04778672032193159 0.08876132930513594
2 0.25464788732394367 0.3837764350453172 0.04778672032193159 0.09347432024169183
2 0.4083903420523139 0.19166163141993958 0.05219315895372233 0.08308157099697885
2 0.43730382293762576 0.7949546827794561 0.04464788732394366 0.08685800604229607
2 0.2785513078470825 0.6169788519637462 0.05030181086519115 0.09534743202416919
2 0.4228571428571429 0.4843202416918429 0.05092555331991952 0.09441087613293052