0 0.23864754098360652 0.5343013100436681 0.057499999999999975 0.05615720524017461
2 0.4155327868852459 0.38082969432314406 0.04147540983606559 0.05882096069868995
2 0.42602459016393446 0.6732314410480349 0.04168032786885241 0.058733624454148425
2 0.2839344262295082 0.4536681222707424 0.04418032786885246 0.05816593886462879
5 0.8032172131147541 0.49919213973799126 0.05571721311475421 0.05414847161572055
7 0.7573155737704917 0.4354585152838428 0.03918032786885247 0.05576419213973804
1 0.29577868852459016 0.5496506550218341 0.06456967213114752 0.05849344978165937
2 0.28442622950819674 0.5962227074235807 0.04442622950819673 0.05903930131004359
6 0.5205122950819672 0.32152838427947594 0.035225409836065626 0.04128820960698695
1 0.5372540983606557 0.5743668122270742 0.04620901639344259 0.052117903930131014
1 0.5216598360655738 0.6109170305676856 0.05065573770491809 0.049279475982532864