7 0.45386160714285717 0.5244941176470588 0.04410714285714284 0.06263529411764707
2 0.7895535714285715 0.44985882352941176 0.04207589285714291 0.061835294117646995
2 0.6582142857142858 0.5244941176470588 0.043616071428571344 0.06428235294117646
5 0.2775892857142857 0.5229411764705882 0.061651785714285694 0.059152941176470554
7 0.3188392857142857 0.4490823529411765 0.04247767857142864 0.06028235294117648
2 0.7680580357142857 0.5471294117647059 0.04207589285714291 0.06322352941176472
7 0.2914955357142857 0.6016941176470588 0.04162946428571427 0.059599999999999966
7 0.3410714285714286 0.5476470588235294 0.043616071428571476 0.061505882352941146
1 0.8730580357142858 0.46759999999999996 0.04654017857142862 0.05218823529411766
2 0.81640625 0.6011764705882353 0.04183035714285716 0.06218823529411759
2 0.6567410714285715 0.3160235294117647 0.04535714285714297 0.061505882352941146
1 0.4921875 0.691764705882353 0.04977678571428574 0.05588235294117647
6 0.41089285714285717 0.3559294117647059 0.050803571428571406 0.05456470588235294
1 0.65625 0.6552235294117648 0.05167410714285709 0.05265882352941175
1 0.8226116071428571 0.5377176470588235 0.05457589285714296 0.05877647058823534