6 0.75 0.40153452685422 0.05411255411255411 0.06649616368286446
1 0.6991341991341992 0.7007672634271099 0.047619047619047616 0.061381074168797956
6 0.7640692640692641 0.6790281329923273 0.05194805194805195 0.0639386189258312
2 0.20995670995670995 0.479539641943734 0.04329004329004329 0.0741687979539642
1 0.6547619047619048 0.7161125319693095 0.045454545454545456 0.061381074168797956
7 0.7586580086580087 0.5549872122762148 0.04112554112554113 0.06649616368286446
5 0.829004329004329 0.5383631713554987 0.06060606060606061 0.0639386189258312
2 0.39242424242424245 0.5707161125319693 0.05532467532467533 0.08618925831202043
2 0.37277056277056275 0.31636828644501286 0.059329004329004384 0.08713554987212278
2 0.23809523809523808 0.6744245524296675 0.048095238095238094 0.08335038363171364
2 0.26575757575757575 0.5569820971867008 0.05370129870129871 0.07956521739130439
0 0.19279220779220776 0.5778260869565217 0.07937229437229441 0.08524296675191811
7 0.8140909090909091 0.6318158567774935 0.04729437229437234 0.07767263427109969
6 0.7551731601731602 0.7284143222506394 0.05932900432900426 0.07767263427109976
2 0.40645021645021645 0.819846547314578 0.05612554112554114 0.08429667519181595