6 0.36239495798319327 0.5561497326203209 0.04411764705882353 0.058823529411764705
6 0.3235294117647059 0.7299465240641712 0.04201680672268908 0.058823529411764705
6 0.31512605042016806 0.6871657754010695 0.05042016806722689 0.0748663101604278
7 0.32668067226890757 0.5467914438502673 0.03991596638655462 0.07219251336898395
5 0.2510504201680672 0.5441176470588235 0.052521008403361345 0.06684491978609626
2 0.8266806722689075 0.4585561497326203 0.03991596638655462 0.07219251336898395
2 0.7878151260504201 0.5467914438502673 0.04201680672268908 0.07219251336898395
1 0.555672268907563 0.536096256684492 0.04831932773109244 0.06149732620320856
2 0.8298319327731093 0.6350267379679144 0.04201680672268908 0.07219251336898395
0 0.8613445378151261 0.5414438502673797 0.058823529411764705 0.06684491978609626
1 0.4527310924369748 0.5989304812834224 0.04411764705882353 0.06417112299465241
1 0.4957983193277311 0.6056149732620321 0.046218487394957986 0.06149732620320856
1 0.5441176470588235 0.570855614973262 0.05042016806722689 0.05614973262032086