6 0.6025437201907791 0.8504504504504504 0.04769475357710652 0.05405405405405406
1 0.4904610492845787 0.6027027027027027 0.046104928457869634 0.05945945945945946
1 0.47297297297297297 0.5432432432432432 0.046104928457869634 0.05225225225225225
1 0.5286168521462639 0.7720720720720721 0.046104928457869634 0.055855855855855854
1 0.5723370429252782 0.8540540540540541 0.03815580286168521 0.05045045045045045
6 0.5453100158982512 0.6990990990990991 0.04451510333863275 0.04684684684684685
1 0.48807631160572335 0.7774774774774775 0.05087440381558029 0.05945945945945946
7 0.6330047694753578 0.5272612612612613 0.04769475357710652 0.07398198198198189
7 0.6576788553259142 0.8335675675675676 0.05354531001589817 0.07776576576576572
7 0.7698092209856915 0.7396936936936936 0.041844197138314866 0.07207207207207207
7 0.7539109697933227 0.6064504504504504 0.051875993640699516 0.07302702702702697
5 0.8095548489666137 0.6742522522522522 0.06777424483306836 0.07018018018018027
0 0.2681717011128776 0.7098198198198198 0.06443561208267086 0.07111711711711717
2 0.3133704292527822 0.6396396396396397 0.05438791732909377 0.08250450450450444
2 0.42255961844197143 0.541963963963964 0.050206677265500814 0.07111711711711717
2 0.32758346581875997 0.7705045045045045 0.05605723370429251 0.07111711711711717
2 0.445993640699523 0.8482702702702704 0.055230524642289364 0.074918918918919