2 0.6263157894736842 0.5759036144578313 0.04 0.06265060240963856
2 0.6473684210526316 0.43132530120481927 0.04 0.06265060240963856
2 0.6463157894736842 0.7843373493975904 0.042105263157894736 0.06506024096385542
2 0.7337684210526316 0.6007469879518073 0.039831578947368336 0.06414457831325303
7 0.30105263157894735 0.6795180722891566 0.037894736842105266 0.06265060240963856
7 0.33263157894736844 0.6024096385542169 0.037894736842105266 0.05301204819277108
1 0.5757894736842105 0.7686746987951807 0.05263157894736842 0.05783132530120482
7 0.41789473684210526 0.7867469879518072 0.04 0.060240963855421686
7 0.3157894736842105 0.5108433734939759 0.037894736842105266 0.06265060240963856
6 0.3778947368421053 0.5975903614457831 0.04421052631578947 0.05301204819277108
2 0.765178947368421 0.677566265060241 0.040168421052631666 0.06838554216867469
0 0.8147368421052632 0.6012048192771084 0.05894736842105263 0.060240963855421686
6 0.4147368421052632 0.5987951807228916 0.042105263157894736 0.05060240963855422
5 0.2505263157894737 0.6024096385542169 0.05894736842105263 0.05783132530120482
1 0.49553684210526316 0.6102891566265061 0.05505263157894732 0.052819277108433774
1 0.4939368421052632 0.6422650602409639 0.048589473684210495 0.055614457831325334
1 0.4631578947368421 0.7029638554216868 0.05183157894736843 0.05467469879518085
6 0.39837894736842105 0.4916626506024096 0.05667368421052635 0.06951807228915668
6 0.40404210526315787 0.5203855421686747 0.05505263157894732 0.050963855421686695
2 0.7508421052631579 0.5108433734939759 0.03934736842105275 0.06265060240963856