6 0.5125284738041003 0.6213768115942029 0.05011389521640091 0.08333333333333333
6 0.6195899772209568 0.3188405797101449 0.05466970387243736 0.08695652173913043
1 0.3530751708428246 0.2753623188405797 0.05011389521640091 0.08695652173913043
6 0.5774487471526196 0.6992753623188406 0.05239179954441914 0.08695652173913043
6 0.6799544419134397 0.5416666666666666 0.05239179954441914 0.09057971014492754
1 0.5694760820045558 0.3858695652173913 0.05011389521640091 0.08333333333333333
6 0.6537585421412301 0.4420289855072464 0.03644646924829157 0.07971014492753623
5 0.7852847380410023 0.5378985507246377 0.07184510250569467 0.10590579710144934
7 0.7376993166287017 0.41804347826086957 0.06307517084282473 0.1300724637681159
7 0.7385649202733485 0.6805072463768116 0.05899772209567193 0.11985507246376806
2 0.38316628701594535 0.7664492753623188 0.05840546697038721 0.11706521739130435
2 0.25788154897494303 0.638695652173913 0.061321184510250544 0.11797101449275363
2 0.24881548974943055 0.3734782608695652 0.0642596810933941 0.11891304347826084
1 0.6094760820045558 0.4482608695652174 0.06482915717539865 0.09942028985507245
0 0.20851936218678818 0.5267753623188405 0.07243735763097953 0.10036231884057967