2 0.22247706422018348 0.37574850299401197 0.045871559633027525 0.08083832335329341
2 0.3646788990825688 0.4565868263473054 0.045871559633027525 0.08083832335329341
0 0.15022935779816513 0.48952095808383234 0.06651376146788991 0.0748502994011976
2 0.24311926605504589 0.48952095808383234 0.045871559633027525 0.08083832335329341
2 0.34059633027522934 0.27095808383233533 0.04357798165137615 0.08083832335329341
2 0.34059633027522934 0.7275449101796407 0.0481651376146789 0.07784431137724551
2 0.20871559633027523 0.5913173652694611 0.045871559633027525 0.08083832335329341
1 0.5676605504587156 0.3562874251497006 0.052752293577981654 0.0658682634730539
1 0.5923853211009174 0.4158982035928144 0.06091743119266049 0.06643712574850298
1 0.6167660550458716 0.3756586826347305 0.05376146788990838 0.05332335329341318
6 0.6074311926605505 0.5000898203592814 0.059495412844036755 0.06269461077844311
6 0.6246330275229357 0.44395209580838324 0.05518348623853198 0.05706586826347306
5 0.7912844036697247 0.48979041916167665 0.07598623853211008 0.09263473053892216