2 0.7241758241758242 0.4888888888888889 0.041758241758241756 0.08253968253968254
2 0.756043956043956 0.5920634920634921 0.04395604395604396 0.08571428571428572
2 0.7417582417582418 0.37142857142857144 0.041758241758241756 0.08253968253968254
2 0.6329670329670329 0.7333333333333333 0.04395604395604396 0.08253968253968254
2 0.6120879120879121 0.4634920634920635 0.046153846153846156 0.09523809523809523
0 0.8087912087912088 0.49047619047619045 0.06153846153846154 0.07936507936507936
1 0.23626373626373626 0.5428571428571428 0.05054945054945055 0.0761904761904762
1 0.27925274725274724 0.4663809523809524 0.0581758241758242 0.0756190476190476
1 0.25694505494505493 0.4972063492063492 0.05881318681318679 0.0756190476190476
6 0.18874725274725274 0.42857142857142855 0.06463736263736262 0.08215873015873014
5 0.21945054945054943 0.4906666666666667 0.06786813186813186 0.0868253968253969