2 0.7543946932006633 0.5861032863849766 0.04001658374792703 0.08046948356807505
0 0.7993200663349918 0.6756103286384977 0.061426202321724646 0.0761502347417839
2 0.7319402985074627 0.6814788732394367 0.04192371475953561 0.0781455399061032
2 0.7548756218905472 0.760962441314554 0.03927031509121053 0.07826291079812214
2 0.628905472636816 0.41781690140845074 0.04232172470978438 0.0839671361502347
5 0.21399668325041457 0.675962441314554 0.058656716417910454 0.07340375586854456
2 0.628905472636816 0.875 0.04217247097844105 0.07917840375586858
2 0.6176782752902156 0.6997887323943662 0.04114427860696508 0.08004694835680756
7 0.2587893864013267 0.5861032863849766 0.04177446102819237 0.08004694835680756
6 0.3723217247097844 0.6973708920187793 0.04968490878938637 0.07629107981220658
7 0.2814925373134329 0.6807981220657277 0.04208955223880596 0.07640845070422525
7 0.25903814262023217 0.7623474178403755 0.04107794361525702 0.07584507042253508
6 0.351558872305141 0.8273239436619718 0.042636815920397975 0.06955399061032863
1 0.39038142620232175 0.8155633802816902 0.05041459369817575 0.08258215962441302
1 0.4035655058043118 0.870868544600939 0.04840796019900497 0.06673708920187782