7 0.2709677419354839 0.5039370078740157 0.043010752688172046 0.06824146981627296
6 0.5365591397849462 0.2664041994750656 0.04946236559139785 0.06036745406824147
1 0.6397849462365591 0.494750656167979 0.04516129032258064 0.06036745406824147
7 0.3924731182795699 0.5170603674540682 0.04086021505376344 0.06824146981627296
7 0.38387096774193546 0.2821522309711286 0.04086021505376344 0.07086614173228346
2 0.8043010752688172 0.60498687664042 0.043010752688172046 0.07086614173228346
0 0.8129032258064516 0.5065616797900262 0.060215053763440864 0.06824146981627296
7 0.25053763440860216 0.410761154855643 0.04086021505376344 0.07086614173228346
5 0.2 0.5078740157480315 0.060215053763440864 0.06561679790026247
7 0.2129032258064516 0.6062992125984252 0.043010752688172046 0.06824146981627296
1 0.7989247311827957 0.442257217847769 0.04516129032258064 0.06036745406824147
1 0.8365591397849462 0.45013123359580054 0.047311827956989246 0.06036745406824147
2 0.7473118279569892 0.5026246719160105 0.04086021505376344 0.07086614173228346
7 0.3913978494623656 0.699475065616798 0.043010752688172046 0.07086614173228346