0 0.786247619047619 0.5691968911917099 0.07043809523809527 0.0832383419689119
7 0.0941904761904762 0.6962694300518134 0.04634285714285714 0.0868652849740932
2 0.5780190476190475 0.2771761658031088 0.051123809523809585 0.08971502590673575
7 0.15965714285714283 0.5655958549222798 0.0547047619047619 0.0879015544041451
7 0.2996761904761905 0.5815803108808291 0.04986666666666668 0.08632124352331605
2 0.7095809523809523 0.5660621761658031 0.051923809523809504 0.08958549222797924
5 0.07897142857142857 0.5686787564766839 0.06887619047619047 0.08170984455958555
2 0.5696 0.8155699481865285 0.04788571428571426 0.08546632124352334
7 0.2906095238095238 0.2770984455958549 0.05173333333333338 0.09111398963730567
7 0.13601904761904762 0.44393782383419694 0.047238095238095246 0.08810880829015541
1 0.4238095238095238 0.39044041450777206 0.06666666666666667 0.08512953367875652
6 0.3653142857142857 0.30023316062176164 0.07346666666666665 0.09715025906735747
2 0.5717714285714286 0.5796632124352331 0.060552380952380885 0.11010362694300518
2 0.775847619047619 0.6976424870466322 0.06735238095238098 0.10546632124352334
2 0.7323047619047619 0.44181347150259065 0.060552380952380885 0.11010362694300518