6 0.5661764705882353 0.27827380952380953 0.04831932773109244 0.06845238095238096
7 0.819327731092437 0.4330357142857143 0.04201680672268908 0.08035714285714286
5 0.8172268907563025 0.5550595238095238 0.058823529411764705 0.06845238095238096
6 0.6781092436974789 0.4996428571428571 0.05159663865546207 0.07217261904761904
6 0.562563025210084 0.5675297619047619 0.05159663865546213 0.07217261904761904
6 0.5717436974789916 0.6000892857142857 0.05159663865546207 0.07217261904761904
7 0.7645168067226892 0.5194345238095238 0.038739495798319444 0.08648809523809524
7 0.8022689075630252 0.6356845238095238 0.04726890756302521 0.08092261904761903
2 0.4076890756302521 0.7468452380952381 0.05514705882352941 0.08928571428571429
2 0.4001470588235294 0.2088095238095238 0.0479201680672269 0.08276785714285714
2 0.23470588235294118 0.43526785714285715 0.043991596638655456 0.08372023809523808
2 0.29445378151260504 0.5208333333333334 0.04661764705882353 0.08372023809523808
2 0.2553781512605042 0.6361607142857143 0.04989495798319328 0.0818452380952381
0 0.23504201680672268 0.5524702380952381 0.06434873949579831 0.08556547619047619
1 0.6371428571428571 0.4417857142857143 0.06237394957983205 0.078125
1 0.5196218487394958 0.5794345238095238 0.06237394957983193 0.078125
1 0.4808823529411765 0.6426785714285714 0.06237394957983193 0.078125