6 0.305414551607445 0.7536057692307693 0.05583756345177665 0.07451923076923077
7 0.37055837563451777 0.2824519230769231 0.04060913705583756 0.07932692307692307
2 0.616751269035533 0.5612980769230769 0.04230118443316413 0.08413461538461539
7 0.23096446700507614 0.4338942307692308 0.04230118443316413 0.08413461538461539
2 0.739424703891709 0.5456730769230769 0.043993231810490696 0.08653846153846154
2 0.799492385786802 0.6670673076923077 0.04230118443316413 0.08413461538461539
5 0.1802030456852792 0.5516826923076923 0.06260575296108291 0.07932692307692307
6 0.5144500846023689 0.42759615384615385 0.05922165820642978 0.07673076923076927
1 0.5333164128595601 0.4904807692307692 0.05011844331641287 0.06749999999999996
0 0.8112013536379019 0.5537980769230769 0.05791878172588836 0.08875000000000004
2 0.7620642978003384 0.435 0.05206429780033838 0.1007692307692308
2 0.6280033840947546 0.28846153846153844 0.061167512690355294 0.10540865384615386
2 0.6179187817258883 0.7761538461538462 0.0657360406091371 0.09338942307692313
7 0.37746192893401015 0.5695192307692308 0.05467005076142133 0.10908653846153851
7 0.25641285956006765 0.5450240384615385 0.04945854483925553 0.09706730769230767
7 0.19751269035532995 0.6758413461538461 0.060524534686971256 0.11093749999999994