6 0.5899843505477308 0.6144814090019569 0.053208137715179966 0.06262230919765166
6 0.5719874804381847 0.7661448140900196 0.04538341158059468 0.060665362035225046
1 0.57981220657277 0.38551859099804303 0.054773082942097026 0.06653620352250489
2 0.7463223787167449 0.6131702544031311 0.039499217527386554 0.07268101761252443
2 0.7690610328638497 0.531174168297456 0.043223787167449144 0.07082191780821911
2 0.6438654147104852 0.6276125244618395 0.04471048513302042 0.07176125244618388
2 0.7668231611893583 0.6816634050880626 0.04471048513302042 0.07362035225048924
0 0.81339593114241 0.6113111545988258 0.07228482003129899 0.07827788649706457
7 0.43184663536776213 0.6276125244618395 0.054397496087636915 0.08853228962818006
7 0.4180594679186228 0.7701956947162426 0.04619718309859152 0.08293542074363991
7 0.32378716744913927 0.6131702544031311 0.04397496087636936 0.07082191780821906
7 0.29995305164319247 0.5335029354207437 0.046948356807511735 0.07547945205479456
7 0.41881064162754306 0.3955772994129158 0.056635367762128366 0.07733855185909977
7 0.2988262910798122 0.6793346379647749 0.04173708920187796 0.07268101761252443
5 0.25821596244131456 0.6080430528375733 0.06780907668231609 0.08107632093933453