2 0.3063975155279503 0.5298534798534799 0.0390683229813665 0.0648717948717948
2 0.4387267080745342 0.41725274725274725 0.050046583850931706 0.06584249084249082
2 0.3444875776397515 0.6162271062271062 0.04201863354037268 0.06670329670329662
2 0.4436024844720497 0.6052930402930403 0.0394254658385093 0.06476190476190478
7 0.7641614906832298 0.592051282051282 0.03774844720496886 0.06391941391941387
7 0.802251552795031 0.6772893772893773 0.03768633540372668 0.06450549450549456
5 0.8359316770186336 0.5836996336996336 0.05184782608695668 0.055824175824175856
2 0.3244565217391304 0.7106959706959707 0.04015527950310561 0.06608058608058616
2 0.4743633540372671 0.8321978021978022 0.040527950310559044 0.0625274725274725
6 0.8627950310559006 0.5410805860805861 0.04812111801242237 0.056153846153846096
6 0.5294254658385092 0.4838827838827839 0.04526397515527947 0.05884615384615384
1 0.6953105590062112 0.4043040293040293 0.051940993788819945 0.06868131868131869
1 0.2674689440993789 0.6437728937728938 0.04891304347826087 0.06227106227106227
1 0.49611801242236025 0.51007326007326 0.03881987577639751 0.06227106227106227
6 0.5279503105590062 0.5178571428571429 0.049689440993788817 0.05952380952380952