1 0.45685840707964603 0.31947069943289225 0.05530973451327434 0.045368620037807186
6 0.48008849557522126 0.42344045368620037 0.061946902654867256 0.04914933837429111
1 0.4026548672566372 0.505671077504726 0.061946902654867256 0.04725897920604915
0 0.8584070796460177 0.46408317580340264 0.061946902654867256 0.04725897920604915
1 0.5497787610619469 0.4499054820415879 0.06415929203539823 0.06049149338374291
6 0.372787610619469 0.3771266540642722 0.046460176991150445 0.043478260869565216
2 0.7820796460176991 0.4669187145557656 0.046460176991150445 0.04914933837429111
1 0.26327433628318586 0.5236294896030246 0.05309734513274336 0.052930056710775046
5 0.2168141592920354 0.4659735349716446 0.061946902654867256 0.04725897920604915
1 0.49557522123893805 0.3705103969754253 0.0752212389380531 0.04914933837429111
1 0.5116150442477876 0.4900756143667297 0.06969026548672566 0.06143667296786389
2 0.6731194690265486 0.6701323251417769 0.07632743362831858 0.07561436672967864
2 0.8191371681415929 0.4012287334593573 0.05641592920353982 0.06143667296786389
2 0.8290929203539823 0.5330812854442344 0.051991150442477874 0.062381852551984876
7 0.25331858407079644 0.4059546313799622 0.05752212389380531 0.0671077504725898
7 0.29701327433628316 0.4659735349716446 0.06526548672566372 0.05671077504725898