7 0.6169265033407573 0.4647239263803681 0.0400890868596882 0.07668711656441718
7 0.6391982182628062 0.2822085889570552 0.0400890868596882 0.07975460122699386
7 0.7494432071269488 0.38496932515337423 0.0378619153674833 0.07668711656441718
7 0.7305122494432071 0.49846625766871167 0.0400890868596882 0.07668711656441718
1 0.4866369710467706 0.299079754601227 0.051224944320712694 0.0705521472392638
7 0.7639198218262806 0.598159509202454 0.0400890868596882 0.07975460122699386
7 0.6391982182628062 0.7331288343558282 0.0400890868596882 0.07975460122699386
2 0.2884187082405345 0.3834355828220859 0.042316258351893093 0.07975460122699386
2 0.2750556792873051 0.5966257668711656 0.042316258351893093 0.08282208588957055
2 0.4198218262806236 0.4647239263803681 0.042316258351893093 0.08282208588957055
2 0.3062360801781737 0.49693251533742333 0.042316258351893093 0.07975460122699386
0 0.21937639198218262 0.49846625766871167 0.060133630289532294 0.07668711656441718
6 0.5623608017817372 0.7101226993865031 0.051224944320712694 0.0705521472392638
2 0.4086859688195991 0.2837423312883436 0.0645879732739421 0.08282208588957055
2 0.3986636971046771 0.7315950920245399 0.044543429844097995 0.08282208588957055
5 0.8184855233853007 0.49846625766871167 0.060133630289532294 0.0705521472392638
1 0.48106904231625836 0.4616564417177914 0.05790645879732739 0.0950920245398773
2 0.47783964365256126 0.7176073619631902 0.062093541202672596 0.07435582822085893