7 0.41962174940898345 0.5117370892018779 0.04491725768321513 0.06103286384976526
7 0.24822695035460993 0.5903755868544601 0.0425531914893617 0.05868544600938967
5 0.23286052009456265 0.5117370892018779 0.06382978723404255 0.056338028169014086
7 0.2978723404255319 0.5352112676056338 0.04728132387706856 0.06103286384976526
2 0.7529550827423168 0.5352112676056338 0.04491725768321513 0.06103286384976526
2 0.6513002364066194 0.7370892018779343 0.04491725768321513 0.06103286384976526
2 0.6359338061465721 0.3028169014084507 0.04728132387706856 0.06572769953051644
0 0.817966903073286 0.5105633802816901 0.061465721040189124 0.05868544600938967
2 0.6371158392434988 0.5105633802816901 0.04491725768321513 0.06338028169014084
6 0.2695035460992908 0.41901408450704225 0.04728132387706856 0.05868544600938967
2 0.775886524822695 0.43896713615023475 0.057683215130023585 0.07042253521126761
2 0.8066193853427895 0.5948356807511737 0.05295508274231673 0.07042253521126754