1 0.5164835164835165 0.7313664596273292 0.05274725274725275 0.07142857142857142
2 0.2725274725274725 0.593167701863354 0.04395604395604396 0.08074534161490683
7 0.7241758241758242 0.4953416149068323 0.03736263736263736 0.07763975155279502
7 0.6329670329670329 0.2748447204968944 0.03956043956043956 0.07763975155279502
7 0.7417582417582418 0.37888198757763975 0.041758241758241756 0.08074534161490683
7 0.610989010989011 0.46273291925465837 0.03956043956043956 0.08074534161490683
2 0.3032967032967033 0.4937888198757764 0.03956043956043956 0.08074534161490683
2 0.3956043956043956 0.7329192546583851 0.04395604395604396 0.08074534161490683
7 0.756043956043956 0.5962732919254659 0.03956043956043956 0.08074534161490683
2 0.2868131868131868 0.37888198757763975 0.041758241758241756 0.08074534161490683
5 0.8098901098901099 0.4937888198757764 0.05934065934065934 0.07453416149068323
0 0.21868131868131868 0.4937888198757764 0.05934065934065934 0.07453416149068323
1 0.4 0.40683229813664595 0.04835164835164835 0.06832298136645963
2 0.3962637362637363 0.2733850931677019 0.04661538461538457 0.09316770186335403
6 0.4898461538461538 0.2851552795031056 0.06327472527472532 0.08468944099378885
6 0.6057362637362638 0.7269875776397515 0.05793406593406596 0.0912732919254658