2 0.3491335372069317 0.5992108229988726 0.03771661569826707 0.05749718151071026
6 0.827217125382263 0.4904171364148816 0.04383282364933741 0.058624577226606536
2 0.4796126401630989 0.5794813979706878 0.03567787971457696 0.05636978579481398
2 0.47757390417940876 0.4588500563697858 0.03567787971457696 0.05636978579481398
2 0.3888888888888889 0.5366403607666291 0.03771661569826707 0.05636978579481398
1 0.3103975535168196 0.49492671927846676 0.060142711518858305 0.06989853438556934
7 0.7359836901121305 0.536076662908681 0.03669724770642202 0.05749718151071026
7 0.6503567787971458 0.4588500563697858 0.03669724770642202 0.058624577226606536
2 0.4796126401630989 0.7130777903043969 0.03771661569826707 0.05749718151071026
7 0.644750254841998 0.713641488162345 0.03567787971457696 0.05636978579481398
6 0.7951070336391437 0.5084554678692221 0.03873598369011213 0.05411499436302142
2 0.3690112130479103 0.4605411499436302 0.0326197757390418 0.05749718151071026
1 0.3577981651376147 0.5180383314543405 0.04485219164118247 0.0552423900789177
7 0.6478083588175332 0.5800450958286358 0.03771661569826707 0.05749718151071026
7 0.7757390417940877 0.6014656144306652 0.03669724770642202 0.0552423900789177
7 0.7594291539245668 0.4588500563697858 0.03873598369011213 0.05636978579481398