2 0.2511013215859031 0.38244047619047616 0.04405286343612335 0.08035714285714286
2 0.3876651982378855 0.4642857142857143 0.04405286343612335 0.08333333333333333
2 0.3634361233480176 0.28125 0.04405286343612335 0.08035714285714286
0 0.183920704845815 0.49404761904761907 0.06387665198237885 0.07738095238095238
1 0.525330396475771 0.33482142857142855 0.046255506607929514 0.06845238095238096
6 0.6222466960352423 0.4107142857142857 0.05506607929515418 0.07738095238095238
2 0.2720264317180617 0.4955357142857143 0.04185022026431718 0.08035714285714286
2 0.3645374449339207 0.7321428571428571 0.046255506607929514 0.07738095238095238
1 0.526431718061674 0.38839285714285715 0.04405286343612335 0.06845238095238096
2 0.2356828193832599 0.5952380952380952 0.048458149779735685 0.08333333333333333
7 0.7224669603524229 0.38244047619047616 0.04405286343612335 0.08035714285714286
5 0.7936343612334802 0.5008333333333334 0.07433920704845814 0.09020833333333333