0 0.19891304347826086 0.5104477611940299 0.06304347826086956 0.07761194029850746
2 0.40217391304347827 0.48059701492537316 0.043478260869565216 0.07761194029850746
1 0.45217391304347826 0.1791044776119403 0.04782608695652174 0.07164179104477612
2 0.3804347826086957 0.7492537313432835 0.043478260869565216 0.07761194029850746
2 0.2684782608695652 0.4 0.04565217391304348 0.08358208955223881
2 0.3782608695652174 0.2955223880597015 0.043478260869565216 0.08358208955223881
2 0.2543478260869565 0.6119402985074627 0.043478260869565216 0.07761194029850746
5 0.8010869565217391 0.5134328358208955 0.06304347826086956 0.07761194029850746
2 0.28695652173913044 0.5119402985074627 0.043478260869565216 0.08059701492537313
7 0.7336956521739131 0.39850746268656717 0.041304347826086954 0.08059701492537313
7 0.716304347826087 0.5134328358208955 0.041304347826086954 0.07761194029850746
7 0.6228260869565218 0.7492537313432835 0.041304347826086954 0.07761194029850746
6 0.5231086956521739 0.20382089552238805 0.055717391304347816 0.07182089552238807
1 0.4633260869565217 0.24859701492537314 0.0625 0.07555223880597016