1 0.5881006864988558 0.6966824644549763 0.05034324942791762 0.05687203791469194
6 0.4954233409610984 0.768957345971564 0.05263157894736842 0.054502369668246446
6 0.505720823798627 0.5177725118483413 0.05034324942791762 0.054502369668246446
1 0.8135011441647597 0.566350710900474 0.04805491990846682 0.052132701421800945
1 0.5263157894736842 0.8127962085308057 0.06407322654462243 0.05687203791469194
1 0.5766590389016019 0.2902843601895735 0.05034324942791762 0.054502369668246446
7 0.43821510297482835 0.5177725118483413 0.043478260869565216 0.05924170616113744
1 0.5789473684210527 0.33649289099526064 0.05034324942791762 0.04739336492890995
7 0.2997711670480549 0.4419431279620853 0.041189931350114416 0.05924170616113744
5 0.2574370709382151 0.5165876777251185 0.06178489702517163 0.05687203791469194
7 0.2723112128146453 0.5959715639810427 0.041189931350114416 0.05924170616113744
7 0.32151029748283755 0.5402843601895735 0.043478260869565216 0.061611374407582936
2 0.7814645308924485 0.4431279620853081 0.043478260869565216 0.061611374407582936
7 0.43707093821510296 0.3056872037914692 0.041189931350114416 0.061611374407582936
7 0.4233409610983982 0.745260663507109 0.041189931350114416 0.05924170616113744
2 0.6506407322654462 0.5201658767772511 0.05057208237986275 0.06715639810426534
2 0.7630434782608695 0.5426777251184834 0.051945080091533286 0.06772511848341228
2 0.6494736842105263 0.3076777251184834 0.05146453089244853 0.06180094786729854
2 0.6633638443935926 0.7472037914691942 0.05286041189931355 0.06293838862559228