1 0.5059701492537313 0.778175313059034 0.04477611940298507 0.05366726296958855
1 0.9044776119402985 0.5474060822898033 0.04477611940298507 0.057245080500894455
6 0.45223880597014926 0.592128801431127 0.041791044776119404 0.05366726296958855
6 0.4470149253731343 0.8112701252236136 0.04328358208955224 0.0518783542039356
5 0.30074626865671644 0.6332737030411449 0.05522388059701493 0.057245080500894455
7 0.4552238805970149 0.43023255813953487 0.03880597014925373 0.0626118067978533
7 0.3335820895522388 0.5402504472271914 0.03731343283582089 0.06082289803220036
7 0.37089552238805973 0.6252236135957067 0.03731343283582089 0.0626118067978533
2 0.6468955223880597 0.39309481216457964 0.04477611940298507 0.07060822898032205
2 0.7937910447761195 0.5122003577817531 0.0542089552238805 0.06967799642218254
2 0.7706268656716418 0.603989266547406 0.04556716417910444 0.07626118067978532
0 0.8409253731343282 0.5959928443649374 0.06677611940298508 0.08096601073345258
2 0.6889253731343283 0.7960644007155635 0.04556716417910444 0.07062611806797857
1 0.5121044776119403 0.6100178890876565 0.04776119402985075 0.057245080500894455