1 0.30701754385964913 0.23306233062330622 0.05263157894736842 0.05962059620596206
2 0.793233082706767 0.5176151761517616 0.047619047619047616 0.07046070460704607
2 0.6152882205513784 0.42953929539295393 0.047619047619047616 0.07317073170731707
2 0.7380952380952381 0.45528455284552843 0.047619047619047616 0.07046070460704607
2 0.6152882205513784 0.18834688346883469 0.047619047619047616 0.07317073170731707
2 0.7619047619047619 0.34417344173441733 0.05012531328320802 0.07046070460704607
7 0.20175438596491227 0.518970189701897 0.047619047619047616 0.06775067750677506
7 0.2568922305764411 0.453929539295393 0.047619047619047616 0.06775067750677506
0 0.8082706766917294 0.4268292682926829 0.06766917293233082 0.06775067750677506
5 0.18546365914786966 0.4281842818428184 0.06516290726817042 0.06504065040650407
1 0.3491478696741855 0.4597831978319783 0.05704260651629071 0.06542005420054196
2 0.6317543859649123 0.6915176151761517 0.05358395989974936 0.07663956639566404