6 0.5355285961871751 0.4519230769230769 0.04852686308492201 0.06623931623931624
1 0.44714038128249567 0.782051282051282 0.04852686308492201 0.0641025641025641
2 0.378682842287695 0.2980769230769231 0.03986135181975736 0.07051282051282051
1 0.19844020797227035 0.6623931623931624 0.05025996533795494 0.0641025641025641
7 0.7495667244367418 0.452991452991453 0.03986135181975736 0.06837606837606838
7 0.5762564991334489 0.25427350427350426 0.03986135181975736 0.06837606837606838
6 0.4376083188908146 0.29273504273504275 0.05025996533795494 0.06837606837606838
2 0.3830155979202773 0.5726495726495726 0.0415944540727903 0.06837606837606838
7 0.720103986135182 0.5662393162393162 0.03986135181975736 0.06837606837606838
2 0.21057192374350087 0.4935897435897436 0.04679376083188908 0.06837606837606838
2 0.24263431542461006 0.6784188034188035 0.05199306759098787 0.07051282051282051
2 0.41074523396880414 0.8782051282051282 0.0415944540727903 0.06837606837606838
2 0.26776429809358754 0.5651709401709402 0.043327556325823226 0.07051282051282051
7 0.7790294627383015 0.6388888888888888 0.03986135181975736 0.06837606837606838
7 0.608318890814558 0.5555555555555556 0.0415944540727903 0.06837606837606838
0 0.19844020797227035 0.5886752136752137 0.060658578856152515 0.06623931623931624
7 0.6126516464471404 0.8290598290598291 0.03986135181975736 0.06837606837606838
1 0.4939688041594454 0.5688888888888889 0.04951473136915087 0.06196581196581197
5 0.7885615251299827 0.5448717948717948 0.058925476603119586 0.0641025641025641
1 0.460051993067591 0.3756623931623932 0.04951473136915082 0.06196581196581197
6 0.4730155979202773 0.400491452991453 0.05025996533795494 0.06837606837606838