2 0.2063305978898007 0.43769968051118213 0.04689331770222743 0.08306709265175719
7 0.5404454865181711 0.06549520766773163 0.044548651817116064 0.08306709265175719
2 0.3622508792497069 0.810702875399361 0.044548651817116064 0.08146964856230032
2 0.3311840562719812 0.444888178913738 0.04572098475967175 0.08466453674121406
2 0.3276670574443142 0.1182108626198083 0.04572098475967175 0.08626198083067092
0 0.13012895662368112 0.46645367412140576 0.05861664712778429 0.07987220447284345
5 0.7713950762016413 0.41214057507987223 0.06330597889800703 0.07987220447284345
7 0.5762016412661196 0.4249201277955272 0.04337631887456037 0.08306709265175719
1 0.35990621336459555 0.4257188498402556 0.05158264947245018 0.07188498402555911
7 0.5803048065650644 0.7523961661341853 0.04689331770222743 0.08306709265175719
7 0.7596717467760844 0.5247603833865815 0.044548651817116064 0.08146964856230032
7 0.6969519343493552 0.43769968051118213 0.04337631887456037 0.08306709265175719
6 0.4068698710433763 0.43835463258785945 0.06067995310668229 0.07423322683706074
6 0.388253223915592 0.47594249201277955 0.06067995310668229 0.07423322683706074