7 0.6077777777777778 0.45297805642633227 0.042222222222222223 0.07836990595611286
7 0.7211111111111111 0.48746081504702193 0.03777777777777778 0.07836990595611286
2 0.2788888888888889 0.36990595611285265 0.042222222222222223 0.08150470219435736
2 0.3888888888888889 0.2664576802507837 0.044444444444444446 0.08150470219435736
2 0.2644444444444444 0.5877742946708464 0.044444444444444446 0.08463949843260188
7 0.7533333333333333 0.5877742946708464 0.04 0.07836990595611286
0 0.21 0.48746081504702193 0.06 0.07836990595611286
6 0.5944444444444444 0.725705329153605 0.051111111111111114 0.07210031347962383
1 0.5013111111111112 0.7057993730407524 0.05882222222222216 0.06545454545454545
6 0.49346666666666666 0.7426645768025079 0.05620000000000005 0.07467084639498431
1 0.7996666666666667 0.4370219435736677 0.05946666666666665 0.08112852664576801
5 0.8078444444444444 0.4932601880877743 0.06666666666666667 0.07746081504702187