6 0.3561320754716981 0.7011764705882353 0.05660377358490566 0.05647058823529412
6 0.3419811320754717 0.3988235294117647 0.04716981132075472 0.05411764705882353
6 0.3714622641509434 0.4211764705882353 0.049528301886792456 0.05647058823529412
1 0.49056603773584906 0.6352941176470588 0.05188679245283019 0.05647058823529412
5 0.2346698113207547 0.5152941176470588 0.06367924528301887 0.05647058823529412
2 0.7759433962264151 0.4411764705882353 0.04716981132075472 0.06352941176470588
7 0.25 0.5941176470588235 0.04245283018867924 0.058823529411764705
0 0.8195754716981132 0.5141176470588236 0.06367924528301887 0.058823529411764705
7 0.3007075471698113 0.54 0.04481132075471698 0.058823529411764705
2 0.7589622641509435 0.5392941176470588 0.05000000000000011 0.06776470588235296
2 0.8070754716981132 0.5938823529411765 0.05000000000000011 0.06399999999999997
2 0.6382075471698114 0.30870588235294116 0.0575471698113207 0.07717647058823532
2 0.6537735849056604 0.7444705882352941 0.050943396226415145 0.06964705882352946
1 0.4877358490566038 0.44752941176470584 0.06415094339622639 0.0649411764705883
2 0.6400943396226415 0.5181176470588235 0.05000000000000011 0.06682352941176466