2 0.42574257425742573 0.24930362116991645 0.039603960396039604 0.07520891364902507
2 0.2712871287128713 0.4596100278551532 0.039603960396039604 0.07242339832869081
2 0.44554455445544555 0.41086350974930363 0.039603960396039604 0.07520891364902507
2 0.32574257425742575 0.5403899721448467 0.03762376237623762 0.07799442896935933
7 0.6702970297029703 0.2479108635097493 0.03762376237623762 0.07242339832869081
7 0.8207920792079207 0.4610027855153203 0.03762376237623762 0.06963788300835655
2 0.2871287128712871 0.6476323119777159 0.039603960396039604 0.07520891364902507
2 0.4316831683168317 0.7534818941504178 0.039603960396039604 0.07520891364902507
0 0.2712871287128713 0.575208913649025 0.055445544554455446 0.06963788300835655
7 0.7663366336633664 0.5403899721448467 0.03564356435643564 0.07242339832869081
1 0.7158415841584158 0.6824512534818942 0.04554455445544554 0.06685236768802229
1 0.4861386138613861 0.30919220055710306 0.041584158415841586 0.07242339832869081
1 0.69009900990099 0.6518105849582173 0.04554455445544554 0.06685236768802229
5 0.8217821782178217 0.575208913649025 0.05148514851485148 0.06963788300835655
7 0.804950495049505 0.6448467966573816 0.03762376237623762 0.07520891364902507
6 0.6432277227722772 0.7376880222841226 0.05479207920792071 0.06963788300835655
6 0.5221188118811881 0.27019498607242337 0.056772277227722746 0.07799442896935933