7 0.5841232227488151 0.45161290322580644 0.045023696682464455 0.08387096774193549
7 0.7393364928909952 0.5887096774193549 0.04265402843601896 0.08064516129032258
6 0.5888625592417062 0.7080645161290322 0.054502369668246446 0.06774193548387097
2 0.21682464454976302 0.5887096774193549 0.045023696682464455 0.08709677419354839
7 0.7037914691943128 0.4838709677419355 0.04265402843601896 0.08387096774193549
2 0.2334123222748815 0.3629032258064516 0.045023696682464455 0.08709677419354839
0 0.15995260663507108 0.4838709677419355 0.06398104265402843 0.07741935483870968
1 0.7950236966824644 0.4338709677419355 0.04976303317535545 0.07419354838709677
6 0.47426540284360186 0.8336451612903226 0.05483412322274878 0.07464516129032253
6 0.5155687203791469 0.8423870967741935 0.06026066350710902 0.07190322580645159
2 0.3540995260663507 0.25761290322580643 0.05417061611374411 0.10045161290322585
5 0.7992654028436019 0.488483870967742 0.07651658767772503 0.07741935483870968