2 0.3670212765957447 0.8188180404354588 0.04373522458628842 0.07931570762052877
0 0.13297872340425532 0.48289269051321926 0.06264775413711583 0.07309486780715396
2 0.14657210401891252 0.37169517884914466 0.04491725768321513 0.08087091757387248
2 0.33156028368794327 0.463452566096423 0.0508274231678487 0.08087091757387248
2 0.17966903073286053 0.5855365474339036 0.04018912529550828 0.07931570762052877
6 0.45449172576832153 0.4860031104199067 0.0508274231678487 0.07309486780715396
2 0.3309692671394799 0.14463452566096424 0.04491725768321513 0.08398133748055987
5 0.7789598108747045 0.42923794712286156 0.06382978723404255 0.07465007776049767
7 0.7677304964539007 0.5404354587869362 0.04609929078014184 0.07931570762052877
1 0.41962174940898345 0.4984447900466563 0.05673758865248227 0.09175738724727839
7 0.58580378250591 0.4409486780715396 0.05492907801418436 0.09880248833592531
7 0.7064420803782505 0.45970451010886465 0.055626477541371094 0.10153965785381021
7 0.7401654846335697 0.32614307931570763 0.05632387706855803 0.08690513219284603
7 0.5489479905437352 0.09147744945567651 0.07161938534278964 0.10063763608087091
7 0.5875413711583924 0.7606842923794712 0.0584042553191489 0.10153965785381021
2 0.21624113475177303 0.45695178849144635 0.07231678486997636 0.09788491446345247