1 0.7164328657314629 0.6952662721893491 0.04609218436873747 0.07100591715976332
1 0.46693386773547096 0.46449704142011833 0.04408817635270541 0.0650887573964497
7 0.7985971943887775 0.5488165680473372 0.03807615230460922 0.07396449704142012
2 0.3286573146292585 0.46745562130177515 0.036072144288577156 0.07692307692307693
7 0.6432865731462926 0.45710059171597633 0.04008016032064128 0.07988165680473373
7 0.7454909819639278 0.46893491124260356 0.036072144288577156 0.07396449704142012
2 0.2755511022044088 0.3875739644970414 0.03807615230460922 0.07692307692307693
2 0.3016032064128257 0.591715976331361 0.03807615230460922 0.07692307692307693
0 0.26452905811623245 0.492603550295858 0.056112224448897796 0.07396449704142012
5 0.8086172344689379 0.4452662721893491 0.05410821643286573 0.07396449704142012
2 0.4311823647294589 0.1761242603550296 0.045711422845691387 0.08597633136094675
1 0.4239679358717435 0.5690532544378698 0.05136272545090179 0.0730473372781065