2 0.30144694533762056 0.7030075187969925 0.04662379421221865 0.06766917293233082
2 0.2821543408360129 0.5169172932330827 0.04340836012861737 0.06766917293233082
0 0.24517684887459806 0.6146616541353384 0.05627009646302251 0.06390977443609022
2 0.41237942122186494 0.40131578947368424 0.04019292604501608 0.06578947368421052
2 0.32234726688102894 0.6043233082706767 0.04340836012861737 0.06578947368421052
7 0.6181672025723473 0.3599624060150376 0.03697749196141479 0.06578947368421052
2 0.42443729903536975 0.5949248120300752 0.04180064308681672 0.06578947368421052
5 0.8295819935691319 0.5723684210526315 0.05466237942122187 0.06203007518796992
7 0.7765273311897106 0.4830827067669173 0.03536977491961415 0.06390977443609022
7 0.795016077170418 0.668233082706767 0.04019292604501608 0.06578947368421052
7 0.6511254019292605 0.5902255639097744 0.03858520900321544 0.06390977443609022
7 0.7548231511254019 0.5808270676691729 0.04019292604501608 0.06390977443609022
7 0.662379421221865 0.7857142857142857 0.03858520900321544 0.06390977443609022
6 0.5731511254019293 0.7448308270676691 0.05787781350482315 0.06296992481203008
6 0.5635048231511254 0.8143796992481203 0.06752411575562701 0.07612781954887218
1 0.5044212218649518 0.7250939849624061 0.05546623794212219 0.06296992481203008
6 0.5341639871382636 0.7274436090225563 0.05546623794212219 0.06390977443609022
2 0.5092443729903537 0.8002819548872181 0.04742765273311897 0.06109022556390977