1 0.4782157676348548 0.2598870056497175 0.04771784232365145 0.06779661016949153
6 0.6130705394190872 0.23022598870056496 0.04771784232365145 0.07062146892655367
7 0.7935684647302904 0.3785310734463277 0.03941908713692946 0.07344632768361582
7 0.766597510373444 0.5056497175141242 0.03941908713692946 0.07344632768361582
7 0.8153526970954357 0.5875706214689266 0.04149377593360996 0.07344632768361582
2 0.241701244813278 0.422316384180791 0.03941908713692946 0.07627118644067797
2 0.3983402489626556 0.2387005649717514 0.04149377593360996 0.08192090395480225
7 0.6483402489626556 0.4901129943502825 0.03941908713692946 0.07627118644067797
5 0.8340248962655602 0.4872881355932203 0.058091286307053944 0.07062146892655367
1 0.475103734439834 0.6497175141242938 0.04564315352697095 0.06779661016949153
1 0.4336099585062241 0.6680790960451978 0.04149377593360996 0.06497175141242938
2 0.29356846473029047 0.507542372881356 0.04910788381742742 0.07720338983050842
2 0.26487551867219916 0.6346610169491526 0.04703319502074686 0.08850282485875702
2 0.4277385892116182 0.8055649717514125 0.04495850622406642 0.08002824858757074
0 0.22371369294605808 0.528728813559322 0.07122406639004152 0.08192090395480225