6 0.5262850467289719 0.4748858447488584 0.052570093457943924 0.0700152207001522
6 0.49007009345794394 0.6757990867579908 0.05023364485981308 0.0700152207001522
6 0.4719626168224299 0.5677321156773212 0.04439252336448598 0.0730593607305936
1 0.4322429906542056 0.15220700152207 0.0514018691588785 0.0700152207001522
7 0.697429906542056 0.4642313546423135 0.04439252336448598 0.0791476407914764
7 0.5776869158878505 0.4528158295281583 0.04322429906542056 0.0776255707762557
7 0.7289719626168224 0.3371385083713851 0.04439252336448598 0.0776255707762557
1 0.4310747663551402 0.563165905631659 0.0514018691588785 0.0700152207001522
7 0.5426401869158879 0.1095890410958904 0.04322429906542056 0.0791476407914764
2 0.17815420560747663 0.591324200913242 0.0455607476635514 0.0806697108066971
2 0.3300233644859813 0.1598173515981735 0.0455607476635514 0.0791476407914764
2 0.33294392523364486 0.4710806697108067 0.04439252336448598 0.0837138508371385
2 0.2091121495327103 0.4634703196347032 0.04439252336448598 0.0806697108066971
2 0.14719626168224298 0.3812785388127854 0.04439252336448598 0.0806697108066971
5 0.772196261682243 0.4398782343987823 0.0630841121495327 0.076103500761035
7 0.7605140186915887 0.5471841704718418 0.04439252336448598 0.0806697108066971
2 0.36507009345794394 0.8203957382039574 0.0455607476635514 0.0821917808219178
0 0.13654205607476635 0.496103500761035 0.07885514018691589 0.0808675799086758
7 0.5859345794392523 0.7634094368340943 0.06060747663551402 0.09418569254185692