1 0.5158013544018059 0.5743670886075949 0.04740406320541761 0.07278481012658228
2 0.6241534988713319 0.2626582278481013 0.04288939051918736 0.08227848101265822
2 0.6015801354401806 0.4509493670886076 0.04288939051918736 0.07911392405063292
1 0.3972911963882618 0.2468354430379747 0.05417607223476298 0.0759493670886076
2 0.7167042889390519 0.48417721518987344 0.04288939051918736 0.08227848101265822
2 0.7347629796839729 0.3670886075949367 0.04288939051918736 0.08227848101265822
2 0.7494356659142212 0.5870253164556962 0.040632054176072234 0.07911392405063292
0 0.8047404063205418 0.48575949367088606 0.060948081264108354 0.07911392405063292
7 0.2686230248306998 0.3670886075949367 0.045146726862302484 0.08227848101265822
6 0.35891647855530473 0.3180379746835443 0.04966139954853273 0.07278481012658228
2 0.6230248306997742 0.7262658227848101 0.040632054176072234 0.07911392405063292
7 0.28216704288939054 0.4889240506329114 0.03611738148984198 0.07278481012658228
7 0.2516930022573363 0.5870253164556962 0.04288939051918736 0.07911392405063292
5 0.19751693002257337 0.4873417721518987 0.060948081264108354 0.0759493670886076
7 0.3787584650112867 0.7297151898734178 0.0524604966139955 0.09680379746835435