2 0.4052325581395349 0.3511796733212341 0.04302325581395349 0.08892921960072596
1 0.5255813953488372 0.7695099818511797 0.04883720930232558 0.07985480943738657
6 0.5011627906976744 0.4101633393829401 0.04883720930232558 0.08711433756805807
2 0.2872093023255814 0.4337568058076225 0.04186046511627907 0.08711433756805807
1 0.4936046511627907 0.7921960072595281 0.04302325581395349 0.08166969147005444
7 0.6412790697674419 0.3466424682395644 0.04302325581395349 0.09074410163339383
7 0.7616279069767442 0.47283121597096184 0.053244186046511585 0.10125226860254082
7 0.7616279069767442 0.7245190562613429 0.05569767441860476 0.09838475499092565
7 0.6493255813953488 0.8037931034482758 0.05752325581395352 0.1022141560798549
5 0.8063023255813953 0.5778947368421052 0.07160465116279062 0.1088929219600726
2 0.28550000000000003 0.6858257713248639 0.04956976744186049 0.10315789473684216
2 0.40851162790697676 0.8056987295825772 0.04834883720930237 0.09647912885662425
0 0.24572093023255814 0.5774228675136117 0.06793023255813956 0.11557168784029029
6 0.5663953488372093 0.8076225045372051 0.04834883720930237 0.07355716878402899
6 0.5437558139534884 0.8271869328493647 0.053244186046511585 0.07833030852994549