1 0.5899795501022495 0.33053221288515405 0.04703476482617587 0.06722689075630252
1 0.7249488752556237 0.39915966386554624 0.04703476482617587 0.06442577030812324
2 0.2392638036809816 0.453781512605042 0.0408997955010225 0.07282913165266107
2 0.3987730061349693 0.24369747899159663 0.0408997955010225 0.07282913165266107
2 0.294478527607362 0.5359383753501401 0.0408997955010225 0.07282913165266107
2 0.25766871165644173 0.6423809523809524 0.0408997955010225 0.07282913165266107
2 0.4069529652351738 0.7516246498599439 0.0408997955010225 0.07282913165266107
1 0.8203885480572597 0.44677871148459386 0.04703476482617587 0.06442577030812324
6 0.8040286298568508 0.5242857142857142 0.04703476482617587 0.06442577030812324
6 0.8428834355828221 0.5149579831932773 0.04703476482617587 0.06442577030812324
0 0.24063394683026584 0.5686274509803921 0.05862985685071572 0.08030812324929977
5 0.8057259713701431 0.5723529411764706 0.05997955010224957 0.08030812324929977
7 0.790040899795501 0.6461344537815126 0.04361963190184057 0.0784313725490196