7 0.575487012987013 0.1204954954954955 0.040584415584415584 0.07882882882882883
7 0.7491883116883117 0.34459459459459457 0.040584415584415584 0.07657657657657657
7 0.6079545454545454 0.4583333333333333 0.040584415584415584 0.07882882882882883
7 0.7207792207792207 0.47184684684684686 0.03896103896103896 0.07882882882882883
1 0.4675324675324675 0.7501801801801802 0.048701298701298704 0.07882882882882883
6 0.5349025974025974 0.7353603603603603 0.05032467532467533 0.06531531531531531
7 0.7784090909090909 0.5518018018018018 0.040584415584415584 0.07657657657657657
0 0.19805194805194806 0.4954954954954955 0.06168831168831169 0.07657657657657657
5 0.7881493506493507 0.44819819819819817 0.060064935064935064 0.07207207207207207
7 0.6128246753246753 0.7668918918918919 0.040584415584415584 0.07882882882882883
2 0.2066396103896104 0.39272522522522524 0.04396103896103898 0.0797747747747748
2 0.2664935064935065 0.47484234234234235 0.04194805194805191 0.08256756756756763
2 0.23709415584415586 0.5982657657657657 0.045308441558441596 0.08351351351351353
2 0.4109090909090909 0.8229954954954956 0.04667207792207792 0.08632882882882892
6 0.5217045454545455 0.7911936936936937 0.056412337662337664 0.07563063063063072
1 0.49931818181818177 0.8158783783783784 0.048701298701298704 0.07882882882882883
1 0.41883116883116883 0.4705405405405405 0.048701298701298704 0.07882882882882883
2 0.3798051948051948 0.1736036036036036 0.048035714285714244 0.08072072072072073