1 0.3563218390804598 0.5022058823529412 0.04827586206896552 0.06323529411764706
1 0.38850574712643676 0.7397058823529412 0.05517241379310345 0.07352941176470588
1 0.43333333333333335 0.8352941176470589 0.04367816091954023 0.061764705882352944
6 0.5103448275862069 0.8397058823529412 0.06206896551724138 0.06764705882352941
6 0.5224137931034483 0.4514705882352941 0.04942528735632184 0.06470588235294118
1 0.4114942528735632 0.8242647058823529 0.04367816091954023 0.06323529411764706
2 0.2880804597701149 0.7578088235294117 0.05028735632183908 0.08916176470588243
2 0.28377011494252874 0.5450441176470588 0.05459770114942529 0.10661764705882353
2 0.40086206896551724 0.47748529411764706 0.04885057471264368 0.07445588235294116
7 0.632183908045977 0.4747205882352941 0.06752873563218391 0.0873235294117647
7 0.7471264367816092 0.5758235294117647 0.06609195402298851 0.07997058823529411
7 0.7579080459770114 0.7798676470588235 0.04885057471264368 0.07813235294117654
5 0.7970574712643679 0.6631470588235294 0.07400000000000012 0.08548529411764705
0 0.24460919540229886 0.6521176470588236 0.08118390804597701 0.08916176470588234