2 0.6023316062176166 0.4281767955801105 0.04922279792746114 0.0718232044198895
7 0.20725388601036268 0.3425414364640884 0.046632124352331605 0.0718232044198895
2 0.7305699481865285 0.4558011049723757 0.05181347150259067 0.0718232044198895
2 0.7862694300518135 0.5193370165745856 0.04922279792746114 0.0718232044198895
2 0.7525906735751295 0.3425414364640884 0.04922279792746114 0.0718232044198895
1 0.5777202072538861 0.1505524861878453 0.05181347150259067 0.06353591160220995
0 0.8018134715025906 0.42679558011049723 0.06994818652849741 0.06906077348066299
7 0.3639896373056995 0.4281767955801105 0.04922279792746114 0.0718232044198895
5 0.15932642487046633 0.4281767955801105 0.06994818652849741 0.06629834254143646
7 0.23056994818652848 0.4558011049723757 0.046632124352331605 0.0718232044198895
7 0.3639896373056995 0.1850828729281768 0.04922279792746114 0.0718232044198895
7 0.17616580310880828 0.5207182320441989 0.046632124352331605 0.06906077348066299
2 0.6213212435233161 0.6984254143646409 0.0613212435233161 0.09483425414364637
7 0.3480051813471503 0.6984254143646409 0.06391191709844564 0.08748618784530392