1 0.3617957746478873 0.371007371007371 0.061619718309859156 0.08845208845208845
5 0.14788732394366197 0.5405405405405406 0.06338028169014084 0.07862407862407862
7 0.2227816901408451 0.5372235872235872 0.050105633802816914 0.09545454545454551
7 0.19941901408450705 0.42855036855036854 0.045369718309859176 0.08410319410319415
2 0.6029929577464789 0.5551842751842752 0.050792253521126804 0.09356265356265352
2 0.7533098591549295 0.42855036855036854 0.04943661971830993 0.085995085995086
2 0.7296126760563381 0.5377149877149877 0.04808098591549286 0.09071253071253076
2 0.793943661971831 0.6619656019656021 0.05619718309859148 0.08977886977886976
2 0.6023239436619718 0.7763144963144962 0.05484154929577461 0.08977886977886969
0 0.8041021126760564 0.541007371007371 0.07651408450704232 0.08788697788697784
6 0.2491901408450704 0.3657248157248157 0.06364436619718308 0.08692874692874691
1 0.33517605633802816 0.3945454545454546 0.06771126760563377 0.07088452088452094