1 0.3528009535160906 0.40460526315789475 0.050059594755661505 0.07236842105263158
1 0.29558998808104886 0.4868421052631579 0.050059594755661505 0.07894736842105263
1 0.399284862932062 0.4901315789473684 0.052443384982121574 0.0756578947368421
2 0.367699642431466 0.8445723684210527 0.04648390941597139 0.08388157894736842
6 0.8033373063170441 0.4440789473684211 0.050059594755661505 0.0756578947368421
6 0.43206197854588796 0.1513157894736842 0.05125148986889154 0.0756578947368421
1 0.0864123957091776 0.5550986842105263 0.041716328963051254 0.07401315789473684
1 0.05065554231227652 0.553453947368421 0.05125148986889154 0.07401315789473684
2 0.14541120381406436 0.37335526315789475 0.04767580452920143 0.08881578947368421
0 0.13051251489868892 0.4901315789473684 0.058402860548271755 0.07894736842105263
7 0.5488676996424314 0.07730263157894737 0.04410011918951132 0.08552631578947369
7 0.5846245530393326 0.4473684210526316 0.04648390941597139 0.08552631578947369
7 0.7067938021454112 0.4613486842105263 0.04529201430274136 0.08717105263157894
6 0.4664958283671037 0.5121546052631579 0.058927294398093036 0.0813157894736843
6 0.4436471990464839 0.4605263157894737 0.06488676996424321 0.07675986842105256
6 0.4539094159713945 0.4847368421052632 0.07350417163289626 0.07218749999999997
7 0.5923003575685339 0.7885526315789474 0.06423122765196661 0.10598684210526306
7 0.7734088200238379 0.5477960526315789 0.06488676996424321 0.09960526315789484
2 0.21057210965435041 0.4641776315789474 0.05959475566150179 0.10965460526315787
2 0.17878426698450536 0.5989638157894737 0.06488676996424314 0.09960526315789484
7 0.7439451728247913 0.324375 0.060262216924910544 0.09685855263157893
2 0.3314183551847437 0.13432565789473686 0.05628128724672232 0.08953947368421052