6 0.5870961145194273 0.5426550868486353 0.04809815950920242 0.05982630272952857
2 0.401840490797546 0.3325062034739454 0.03885480572597137 0.06947890818858561
2 0.418200408997955 0.5769230769230769 0.03885480572597137 0.06699751861042183
2 0.27505112474437626 0.6786600496277916 0.05112474437627812 0.06699751861042183
7 0.6492842535787321 0.5496277915632755 0.03885480572597137 0.06699751861042183
1 0.565439672801636 0.3759305210918114 0.05521472392638037 0.05707196029776675
7 0.7658486707566462 0.56575682382134 0.03885480572597137 0.06451612903225806
0 0.22903885480572597 0.5843672456575683 0.05725971370143149 0.062034739454094295
5 0.8333333333333334 0.5471464019851117 0.05521472392638037 0.062034739454094295
2 0.25145194274028626 0.49029776674937964 0.04543967280163599 0.08178660049627787
2 0.4336196319018405 0.8294292803970224 0.050736196319018406 0.07627791563275436
7 0.6657668711656441 0.7954342431761786 0.05907975460122697 0.07627791563275436
1 0.5786503067484662 0.5137468982630273 0.05756646216768912 0.05880893300248136
2 0.297280163599182 0.5698014888337469 0.047709611451942704 0.07903225806451619
7 0.6362167689161554 0.30602977667493797 0.051513292433537944 0.07903225806451611
7 0.7899795501022495 0.4535483870967742 0.05605316973415127 0.07260545905707194
7 0.8153374233128834 0.6424069478908189 0.05529652351738234 0.07719602977667497