1 0.43935926773455375 0.3948170731707317 0.05034324942791762 0.0701219512195122
2 0.7196796338672768 0.5060975609756098 0.043478260869565216 0.07926829268292683
6 0.32723112128146453 0.33384146341463417 0.05491990846681922 0.0701219512195122
7 0.2643020594965675 0.3932926829268293 0.038901601830663615 0.07926829268292683
7 0.2814645308924485 0.5091463414634146 0.041189931350114416 0.07317073170731707
2 0.7540045766590389 0.6051829268292683 0.043478260869565216 0.08231707317073171
2 0.7379862700228833 0.3932926829268293 0.043478260869565216 0.07926829268292683
2 0.6212814645308925 0.29573170731707316 0.04805491990846682 0.08536585365853659
2 0.6258581235697941 0.7408536585365854 0.043478260869565216 0.07926829268292683
5 0.19336384439359267 0.5045731707317073 0.06178489702517163 0.0701219512195122
2 0.6041189931350115 0.4740853658536585 0.041189931350114416 0.07621951219512195
0 0.8066361556064073 0.5060975609756098 0.06178489702517163 0.07317073170731707
7 0.2494279176201373 0.6051829268292683 0.041189931350114416 0.07621951219512195
1 0.4934553775743707 0.2608536585365854 0.06281464530892446 0.08490853658536583