6 0.4703791469194313 0.6658986175115207 0.052132701421800945 0.07526881720430108
6 0.4164691943127962 0.7534562211981567 0.0533175355450237 0.07219662058371736
1 0.42298578199052134 0.4147465437788018 0.04976303317535545 0.06758832565284179
1 0.4662322274881517 0.4815668202764977 0.0485781990521327 0.06912442396313365
1 0.4235781990521327 0.47619047619047616 0.0509478672985782 0.0706605222734255
6 0.4828199052132701 0.8056835637480799 0.0509478672985782 0.07219662058371736
6 0.5414691943127962 0.8072196620583717 0.04976303317535545 0.06912442396313365
1 0.4561611374407583 0.847926267281106 0.05687203791469194 0.0706605222734255
1 0.4158767772511848 0.1382488479262673 0.045023696682464455 0.0706605222734255
2 0.3299763033175355 0.49001536098310294 0.0462085308056872 0.07987711213517665
2 0.36196682464454977 0.8417818740399385 0.0462085308056872 0.07987711213517665
7 0.6996445497630331 0.4823348694316436 0.04383886255924171 0.07987711213517665
7 0.57760663507109 0.4700460829493088 0.04383886255924171 0.07987711213517665
7 0.7316350710900474 0.35407066052227343 0.04383886255924171 0.08141321044546851
7 0.7630331753554502 0.5660522273425499 0.045023696682464455 0.08141321044546851
5 0.7742890995260664 0.45698924731182794 0.06516587677725119 0.07526881720430108
6 0.45335308056872037 0.13978494623655913 0.06546208530805687 0.07910906298003072
7 0.5395497630331754 0.12471582181259601 0.04887440758293839 0.08046082949308755