6 0.30874785591766724 0.782016348773842 0.051457975986277875 0.08174386920980926
2 0.7401372212692967 0.7002724795640327 0.04288164665523156 0.09809264305177112
2 0.6106346483704974 0.8623978201634878 0.044596912521440824 0.09536784741144415
2 0.7058319039451115 0.5817438692098093 0.04288164665523156 0.09536784741144415
1 0.4777015437392796 0.6471389645776566 0.04974271012006861 0.08446866485013624
2 0.5891938250428816 0.5463215258855586 0.04288164665523156 0.08991825613079019
2 0.7246998284734134 0.44550408719346046 0.04288164665523156 0.09536784741144415
0 0.7950257289879932 0.5817438692098093 0.060034305317324184 0.08991825613079019
2 0.6123499142367067 0.3242506811989101 0.0411663807890223 0.09264305177111716
5 0.1758147512864494 0.5844686648501363 0.060034305317324184 0.08991825613079019
6 0.43138936535162953 0.6444141689373297 0.04974271012006861 0.07901907356948229
7 0.26758147512864494 0.5817438692098093 0.0411663807890223 0.09536784741144415
7 0.24871355060034306 0.44686648501362397 0.0411663807890223 0.09264305177111716
1 0.5343053173241853 0.38419618528610355 0.04974271012006861 0.08174386920980926
7 0.2332761578044597 0.6989100817438693 0.0411663807890223 0.09536784741144415
7 0.38421955403087477 0.5463215258855586 0.044596912521440824 0.08991825613079019
1 0.49914236706689535 0.3419618528610354 0.048027444253859346 0.07901907356948229