6 0.48544819557625146 0.37480314960629924 0.051222351571594875 0.06929133858267716
6 0.4627473806752037 0.7779527559055118 0.050058207217694994 0.06929133858267716
1 0.36961583236321305 0.1236220472440945 0.05238649592549476 0.07401574803149606
6 0.4161816065192084 0.8125984251968504 0.033760186263096625 0.047244094488188976
6 0.46332945285215366 0.31181102362204727 0.051222351571594875 0.06929133858267716
2 0.21129220023282888 0.44881889763779526 0.04307334109429569 0.08188976377952756
2 0.15017462165308498 0.36299212598425196 0.04423748544819558 0.08346456692913386
2 0.3358556461001164 0.4566929133858268 0.04540162980209546 0.08188976377952756
7 0.5791618160651921 0.43543307086614175 0.04540162980209546 0.08031496062992126
7 0.5436554132712457 0.08110236220472442 0.04423748544819558 0.08346456692913386
7 0.6990686845168801 0.44881889763779526 0.04540162980209546 0.08188976377952756
1 0.13678696158323633 0.5039370078740157 0.050058207217694994 0.06929133858267716
5 0.7729918509895227 0.42283464566929135 0.06286379511059371 0.07716535433070866
7 0.5826542491268918 0.7590551181102362 0.04540162980209546 0.08188976377952756
1 0.4867171129220023 0.45062992125984247 0.05238649592549476 0.07401574803149606