1 0.4934354485776805 0.6738609112709832 0.05032822757111598 0.05275779376498801
2 0.6345733041575492 0.4568345323741007 0.0437636761487965 0.06954436450839328
5 0.22210065645514224 0.6211031175059952 0.05908096280087528 0.05755395683453238
6 0.40043763676148797 0.709832134292566 0.0525164113785558 0.05275779376498801
6 0.3862144420131291 0.7314148681055156 0.045951859956236324 0.047961630695443645
2 0.7428884026258206 0.5323741007194245 0.04157549234135667 0.06235011990407674
2 0.7571115973741794 0.6990407673860911 0.0437636761487965 0.06474820143884892
2 0.7242888402625821 0.6211031175059952 0.03938730853391685 0.06235011990407674
7 0.27571115973741794 0.7002398081534772 0.03938730853391685 0.06235011990407674
7 0.3085339168490153 0.6223021582733813 0.03938730853391685 0.05995203836930456
7 0.29203501094091905 0.5298800959232615 0.045448577680525154 0.08023980815347717
2 0.6164770240700219 0.596282973621103 0.04459518599562362 0.07103117505995198
2 0.6358424507658643 0.8047482014388488 0.05133479212253837 0.07470023980815342
0 0.812144420131291 0.623956834532374 0.06396061269146612 0.07103117505995205