1 0.3613251155624037 0.4936594202898551 0.04468412942989214 0.05615942028985507
2 0.785824345146379 0.5018115942028986 0.040061633281972264 0.06521739130434782
6 0.4029275808936826 0.625 0.04468412942989214 0.05434782608695652
1 0.4761171032357473 0.46557971014492755 0.04314329738058552 0.05434782608695652
2 0.763482280431433 0.595108695652174 0.03852080123266564 0.06340579710144928
2 0.6348228043143297 0.38315217391304346 0.040061633281972264 0.06340579710144928
7 0.349768875192604 0.6213768115942029 0.040061633281972264 0.057971014492753624
2 0.802773497688752 0.6802536231884058 0.040061633281972264 0.06340579710144928
7 0.32819722650231126 0.7128623188405797 0.03697996918335902 0.06340579710144928
1 0.49768875192604006 0.5181159420289855 0.05238828967642527 0.07608695652173914
5 0.2773497688751926 0.6295289855072463 0.05546995377503852 0.059782608695652176
0 0.8378890600924499 0.5895833333333333 0.05835130970724174 0.06175724637681165