6 0.44773519163763065 0.31201248049922 0.04994192799070848 0.0748829953198128
1 0.2229965156794425 0.49375975039001563 0.053426248548199766 0.07020280811232449
1 0.3989547038327526 0.48205928237129486 0.05226480836236934 0.0717628705148206
6 0.4849012775842044 0.5132605304212169 0.04994192799070848 0.0717628705148206
7 0.7706155632984901 0.5429017160686428 0.0429732868757259 0.0811232449297972
7 0.5923344947735192 0.766770670826833 0.04645760743321719 0.07956318252730109
0 0.14576074332171893 0.48517940717628705 0.059233449477351915 0.078003120124805
7 0.5882694541231127 0.4469578783151326 0.0429732868757259 0.07956318252730109
5 0.7816492450638792 0.4329173166926677 0.06504065040650407 0.07644305772230889
7 0.7386759581881533 0.328393135725429 0.04413472706155633 0.08268330733229329
7 0.7081416957026714 0.46159126365054604 0.052601626016260124 0.09176287051482067
7 0.5550987224157956 0.09634945397815914 0.05670150987224164 0.09911076443057723
6 0.4652613240418118 0.45104524180967237 0.05602787456445994 0.07616224648985967
6 0.4867828106852497 0.46159126365054604 0.05670150987224164 0.06424336973478931
1 0.37815331010452957 0.467566302652106 0.05944250871080133 0.0798439937597503
2 0.3788385598141696 0.8268330733229329 0.05124274099883856 0.08993759750390021
2 0.19197444831591173 0.5909828393135725 0.05192799070847849 0.0880967238689548
2 0.16226480836236934 0.3771606864274571 0.05124274099883856 0.093603744149766
2 0.3426248548199768 0.14636505460218407 0.05124274099883856 0.08535101404056164