2 0.603359173126615 0.41086350974930363 0.04909560723514212 0.07520891364902507
2 0.7545219638242894 0.3231197771587744 0.05167958656330749 0.07242339832869081
2 0.7868217054263565 0.5013927576601671 0.04909560723514212 0.07242339832869081
2 0.7299741602067183 0.4373259052924791 0.04909560723514212 0.07242339832869081
6 0.22997416020671835 0.2994428969359331 0.06201550387596899 0.06406685236768803
1 0.3423772609819121 0.44428969359331477 0.059431524547803614 0.07520891364902507
0 0.8023255813953488 0.40807799442896936 0.06976744186046512 0.06963788300835655
6 0.2596899224806202 0.2743732590529248 0.05426356589147287 0.06406685236768803
2 0.6175710594315246 0.6777994428969359 0.046511627906976744 0.06871866295264628
5 0.16149870801033592 0.40947075208913647 0.06976744186046512 0.06685236768802229
6 0.17958656330749354 0.552924791086351 0.059431524547803614 0.06406685236768803
7 0.23470284237726097 0.443816155988858 0.05599483204134364 0.08169916434540385
1 0.26271317829457363 0.5413091922005572 0.055116279069767474 0.06128133704735376
2 0.603798449612403 0.16295264623955433 0.06374677002583984 0.0807799442896936
1 0.22912144702842377 0.5571030640668524 0.055116279069767474 0.06128133704735376