6 0.7447698744769874 0.4527272727272727 0.04602510460251046 0.08363636363636363
1 0.6600418410041841 0.4490909090909091 0.04811715481171548 0.08363636363636363
1 0.5135983263598326 0.5127272727272727 0.04811715481171548 0.08
1 0.4100418410041841 0.2818181818181818 0.04602510460251046 0.08363636363636363
1 0.2186192468619247 0.5254545454545455 0.043933054393305436 0.09090909090909091
0 0.27615062761506276 0.5290909090909091 0.05439330543933055 0.09090909090909091
6 0.7698744769874477 0.4709090909090909 0.04602510460251046 0.09090909090909091
5 0.8075313807531381 0.5381818181818182 0.05439330543933055 0.08727272727272728
2 0.3221129707112971 0.3832 0.04345188284518824 0.1025818181818182
2 0.3202510460251046 0.6540727272727273 0.03968619246861919 0.09978181818181818
2 0.4350418410041841 0.7729454545454546 0.043995815899581535 0.10258181818181811
7 0.763326359832636 0.6899636363636364 0.048284518828451965 0.11374545454545444