1 0.5271629778672032 0.8206388206388207 0.04426559356136821 0.05405405405405406
7 0.7706237424547284 0.4582309582309582 0.03621730382293763 0.06142506142506143
7 0.7977867203219315 0.6277641277641277 0.03420523138832998 0.06142506142506143
7 0.641851106639839 0.5528255528255528 0.03621730382293763 0.06388206388206388
7 0.744466800804829 0.5614250614250614 0.03621730382293763 0.06142506142506143
1 0.6368209255533199 0.4668304668304668 0.04627766599597585 0.07371007371007371
2 0.4295774647887324 0.3157248157248157 0.03822937625754527 0.06633906633906633
2 0.272635814889336 0.49385749385749383 0.03822937625754527 0.06388206388206388
7 0.6448692152917505 0.800982800982801 0.03822937625754527 0.06388206388206388
1 0.6649899396378269 0.33906633906633904 0.04627766599597585 0.06388206388206388
5 0.806841046277666 0.5417690417690417 0.056338028169014086 0.056511056511056514
0 0.2646478873239437 0.5762899262899264 0.05845070422535214 0.0708353808353808
2 0.4345271629778672 0.5698280098280099 0.04565392354124748 0.0793857493857494
2 0.326579476861167 0.5627518427518428 0.0479879275653924 0.06899262899262895
2 0.29794768611670025 0.6643243243243243 0.026317907444667978 0.06992628992629002
1 0.312635814889336 0.6941031941031941 0.05416498993963786 0.06710073710073697
1 0.6659154929577464 0.47250614250614253 0.047203219315895446 0.054815724815724824