6 0.5502901353965184 0.5 0.04448742746615087 0.05336426914153132
1 0.6315280464216635 0.8155452436194895 0.048355899419729204 0.05336426914153132
7 0.7736943907156673 0.5475638051044084 0.03481624758220503 0.060324825986078884
7 0.6576402321083172 0.6090487238979119 0.03481624758220503 0.058004640371229696
7 0.7562862669245648 0.6322505800464037 0.03481624758220503 0.058004640371229696
7 0.7862669245647969 0.7076566125290024 0.03288201160541586 0.060324825986078884
5 0.8317214700193424 0.6322505800464037 0.05415860735009671 0.05336426914153132
2 0.3713733075435203 0.5475638051044084 0.03481624758220503 0.060324825986078884
2 0.4671179883945841 0.4709976798143852 0.0367504835589942 0.060324825986078884
2 0.38781431334622823 0.6322505800464037 0.0367504835589942 0.058004640371229696
6 0.5212765957446809 0.6136890951276102 0.04061895551257253 0.05336426914153132
2 0.35880077369439073 0.7076566125290024 0.0367504835589942 0.060324825986078884
7 0.6769825918762089 0.8109048723897911 0.03481624758220503 0.058004640371229696
2 0.4671179883945841 0.8109048723897911 0.0367504835589942 0.06264501160092807
0 0.3114119922630561 0.6334106728538283 0.05415860735009671 0.05568445475638051
7 0.6769825918762089 0.4709976798143852 0.03481624758220503 0.060324825986078884
6 0.5011605415860736 0.6206496519721578 0.05299806576402317 0.06542923433874714