6 0.8316091954022988 0.3432601880877743 0.04942528735632184 0.07210031347962383
6 0.7683908045977011 0.4122257053291536 0.047126436781609195 0.07210031347962383
1 0.19885057471264367 0.46316614420062696 0.04827586206896552 0.07366771159874608
1 0.18563218390804598 0.524294670846395 0.05172413793103448 0.07366771159874608
2 0.35172413793103446 0.475705329153605 0.04367816091954023 0.08307210031347963
2 0.16896551724137931 0.3832288401253918 0.04367816091954023 0.08307210031347963
6 0.8201149425287356 0.40752351097178685 0.047126436781609195 0.06896551724137931
2 0.3488505747126437 0.15517241379310345 0.04252873563218391 0.08150470219435736
7 0.7729885057471264 0.5532915360501567 0.04252873563218391 0.08150470219435736
2 0.38275862068965516 0.8338557993730408 0.04367816091954023 0.08150470219435736
7 0.596551724137931 0.7766457680250783 0.04367816091954023 0.07993730407523511
7 0.7103448275862069 0.46786833855799376 0.04367816091954023 0.08307210031347963
7 0.593103448275862 0.4553291536050157 0.04367816091954023 0.08307210031347963
2 0.22758620689655173 0.46786833855799376 0.05057471264367816 0.08307210031347963
7 0.7408045977011494 0.33699059561128525 0.04252873563218391 0.08150470219435736
7 0.5574712643678161 0.10344827586206896 0.04367816091954023 0.08150470219435736
1 0.10886206896551723 0.5462852664576802 0.059494252873563205 0.06915360501567398
1 0.11055172413793105 0.5882288401253919 0.05882758620689656 0.06637931034482762
1 0.09331034482758621 0.558730407523511 0.05139080459770116 0.06269592476489028
0 0.15002298850574713 0.49738244514106583 0.04434482758620688 0.07581504702194358