6 0.7583892617449665 0.3400900900900901 0.049217002237136466 0.06756756756756757
6 0.6448545861297539 0.46396396396396394 0.050335570469798654 0.06606606606606606
1 0.12527964205816555 0.5960960960960962 0.04697986577181208 0.06906906906906907
6 0.4692393736017897 0.45645645645645644 0.04809843400447427 0.06606606606606606
1 0.4267337807606264 0.6471471471471472 0.04809843400447427 0.06306306306306306
1 0.44910514541387025 0.1569069069069069 0.05480984340044743 0.07057057057057058
1 0.42449664429530204 0.48348348348348347 0.06152125279642058 0.07207207207207207
2 0.3579418344519016 0.17117117117117117 0.042505592841163314 0.08108108108108109
2 0.18288590604026847 0.39039039039039036 0.04586129753914989 0.08108108108108109
2 0.24328859060402686 0.47147147147147145 0.0436241610738255 0.08108108108108109
6 0.4356823266219239 0.8145645645645646 0.050335570469798654 0.06756756756756757
2 0.36185682326621926 0.47897897897897895 0.0436241610738255 0.08108108108108109
7 0.5956375838926175 0.4587087087087087 0.039149888143176735 0.07657657657657657
7 0.5995525727069351 0.7672672672672672 0.042505592841163314 0.07807807807807808
7 0.709731543624161 0.47147147147147145 0.04138702460850112 0.08108108108108109
7 0.7706935123042505 0.5525525525525525 0.042505592841163314 0.07807807807807808
7 0.5615212527964206 0.12237237237237238 0.042505592841163314 0.07957957957957958
0 0.17170022371364654 0.496996996996997 0.06152125279642058 0.07507507507507508
2 0.39149888143176736 0.823018018018018 0.050335570469798654 0.10135135135135136
5 0.7807606263982103 0.4489789789789789 0.06085011185682337 0.07439939939939934
2 0.2139261744966443 0.601066066066066 0.051733780760626395 0.08728228228228227