2 0.3852550415183867 0.5380163043478261 0.04311981020166076 0.06843750000000001
0 0.18896797153024913 0.5287907608695652 0.06347568208778172 0.06441576086956517
2 0.2614709371293001 0.5254347826086957 0.04336892052194544 0.06745923913043475
2 0.20202846975088967 0.6235869565217391 0.04409252669039148 0.06645380434782604
7 0.6269513641755634 0.7119429347826087 0.03595492289442461 0.06487771739130435
2 0.23938315539739027 0.4339945652173913 0.04395017793594307 0.06732336956521733
5 0.8154329774614472 0.5285054347826087 0.06384341637010668 0.06487771739130435
2 0.3772004744958482 0.31095108695652174 0.0437010676156584 0.06932065217391302
6 0.5790984578884935 0.7113858695652174 0.05126927639383159 0.05917119565217385
7 0.7470699881376037 0.5257065217391305 0.04311981020166063 0.06610054347826085
6 0.5556583629893239 0.3386413043478261 0.04787663107947807 0.058831521739130414
7 0.6235349940688019 0.5371739130434783 0.04217081850533803 0.06843750000000001
1 0.5043534994068802 0.7472554347826087 0.043096085409252714 0.06027173913043465
2 0.385005931198102 0.7130706521739131 0.0426334519572953 0.06745923913043483
7 0.8066429418742586 0.6241440217391304 0.04418742586002373 0.06732336956521733
7 0.6318386714116251 0.3120652173913044 0.04257413997627533 0.06756793478260872
6 0.597164887307236 0.7337635869565217 0.0469988137603796 0.05669836956521741
7 0.7700237247924081 0.43483695652173915 0.04336892052194537 0.06832880434782604
6 0.6445314353499407 0.4135733695652174 0.05340450771055751 0.0802581521739131
1 0.4941399762752076 0.48991847826086954 0.04867141162514825 0.05970108695652166
1 0.5217556346381969 0.7381929347826086 0.043096085409252714 0.06027173913043465