6 0.690469135802469 0.5958890701468189 0.06213580246913571 0.07812398042414354
1 0.2882716049382716 0.2528548123980424 0.05308641975308642 0.07177814029363784
1 0.3388888888888889 0.4396411092985318 0.05555555555555555 0.0734094616639478
6 0.3993827160493827 0.4559543230016313 0.05308641975308642 0.0734094616639478
1 0.16049382716049382 0.4812398042414356 0.05925925925925926 0.08156606851549755
6 0.4580246913580247 0.499184339314845 0.05185185185185185 0.07504078303425775
6 0.41975308641975306 0.08564437194127243 0.05185185185185185 0.0766721044045677
6 0.4444444444444444 0.44779771615008157 0.05185185185185185 0.0734094616639478
7 0.7512345679012346 0.5269168026101142 0.04567901234567901 0.08482871125611746
2 0.33209876543209876 0.8189233278955954 0.04691358024691358 0.08482871125611746
7 0.519753086419753 0.05872756933115824 0.04691358024691358 0.08482871125611746
7 0.5580246913580247 0.4257748776508972 0.04691358024691358 0.08156606851549755
2 0.29876543209876544 0.4469820554649266 0.044444444444444446 0.08482871125611746
2 0.295679012345679 0.1133768352365416 0.04814814814814815 0.0864600326264274
7 0.717283950617284 0.30179445350734097 0.04691358024691358 0.08482871125611746
7 0.6833333333333333 0.43882544861337686 0.04567901234567901 0.08482871125611746
7 0.5611111111111111 0.7610114192495921 0.04814814814814815 0.08319738988580751
5 0.762962962962963 0.41353996737357257 0.06666666666666667 0.0799347471451876
0 0.08880246913580248 0.4677650897226754 0.06537037037037037 0.08145187601957578
2 0.10082716049382716 0.35254486133768353 0.050753086419753075 0.10331158238172918
2 0.13819753086419753 0.5804730831973899 0.06379012345679014 0.10060358890701461
1 0.36653086419753084 0.6130995106035889 0.062000000000000034 0.07812398042414354