1 0.5186385737439222 0.34623893805309736 0.04862236628849271 0.06858407079646017
1 0.5170178282009724 0.6559734513274337 0.04538087520259319 0.059734513274336286
1 0.5680713128038898 0.6969026548672567 0.050243111831442464 0.06637168141592921
1 0.5259319286871961 0.7079646017699115 0.050243111831442464 0.07079646017699115
6 0.63290113452188 0.7356194690265486 0.05348460291734198 0.08185840707964602
6 0.666936790923825 0.7566371681415929 0.04051863857374392 0.06637168141592921
6 0.5899513776337115 0.5420353982300885 0.04862236628849271 0.06637168141592921
6 0.6231766612641815 0.7245575221238938 0.03727714748784441 0.059734513274336286
2 0.419773095623987 0.3075221238938053 0.04213938411669368 0.07964601769911504
7 0.6580226904376013 0.3086283185840708 0.04213938411669368 0.07743362831858407
2 0.2965964343598055 0.6305309734513275 0.04213938411669368 0.0752212389380531
2 0.2965964343598055 0.4646017699115044 0.04213938411669368 0.0752212389380531
7 0.7811993517017828 0.629424778761062 0.04213938411669368 0.07743362831858407
7 0.7585089141004863 0.5553097345132744 0.04213938411669368 0.0752212389380531
2 0.4189627228525122 0.7356194690265486 0.04051863857374392 0.07743362831858407
2 0.4286871961102107 0.5730088495575221 0.04051863857374392 0.0752212389380531
7 0.7811993517017828 0.4646017699115044 0.04213938411669368 0.0752212389380531
2 0.31766612641815234 0.5553097345132744 0.04213938411669368 0.0752212389380531
7 0.6482982171799028 0.5741150442477876 0.04213938411669368 0.07300884955752213
6 0.5358508914100486 0.30420353982300885 0.0506482982171799 0.06820796460176988