1 0.5939265536723164 0.3210412147505423 0.043785310734463276 0.0650759219088937
6 0.6016949152542372 0.4197396963123644 0.0423728813559322 0.06724511930585683
6 0.567090395480226 0.60412147505423 0.04096045197740113 0.06724511930585683
1 0.5374293785310734 0.5639913232104121 0.052259887005649715 0.08676789587852494
6 0.6045197740112994 0.5553145336225597 0.06497175141242938 0.06941431670281996
2 0.4774011299435028 0.3351409978308026 0.03672316384180791 0.07592190889370933
6 0.623587570621469 0.5585683297180043 0.03248587570621469 0.06290672451193059
2 0.3693502824858757 0.49023861171366595 0.038135593220338986 0.0737527114967462
5 0.8312146892655368 0.5759219088937093 0.052259887005649715 0.07158351409978309
7 0.6850282485875706 0.33405639913232105 0.03954802259887006 0.07809110629067245
2 0.3700564971751412 0.6540130151843818 0.03672316384180791 0.07158351409978309
7 0.7725988700564972 0.579175704989154 0.03672316384180791 0.0737527114967462
7 0.6751412429378532 0.596529284164859 0.03672316384180791 0.07809110629067245
2 0.3884180790960452 0.579175704989154 0.03954802259887006 0.0737527114967462
2 0.4759887005649718 0.7581344902386117 0.03672316384180791 0.07592190889370933
7 0.7923728813559322 0.6540130151843818 0.03672316384180791 0.07592190889370933
7 0.7930790960451978 0.49023861171366595 0.03531073446327684 0.0737527114967462
7 0.684322033898305 0.7592190889370932 0.038135593220338986 0.07809110629067245
6 0.6509463276836158 0.3338611713665944 0.04666666666666661 0.07167028199566165