6 0.566420664206642 0.5791974656810982 0.05289052890528905 0.04751847940865892
6 0.5651906519065191 0.4229144667370644 0.05289052890528905 0.04751847940865892
1 0.46002460024600245 0.6531151003167899 0.05166051660516605 0.04329461457233368
1 0.4883148831488315 0.6747624076029567 0.056580565805658053 0.050686378035902854
1 0.4108241082410824 0.6837381203801478 0.056580565805658053 0.0454065469904963
5 0.8462484624846248 0.4324181626187962 0.06888068880688807 0.04963041182682154
7 0.7613776137761378 0.43611404435058077 0.04920049200492005 0.054910242872228086
7 0.8056580565805658 0.36906019007391766 0.046740467404674045 0.0559662090813094
2 0.3714637146371464 0.498416050686378 0.04920049200492005 0.054910242872228086
2 0.18450184501845018 0.5042238648363252 0.04920049200492005 0.0559662090813094
0 0.14944649446494465 0.43294614572333684 0.07011070110701106 0.05279831045406547
2 0.18880688806888068 0.36800422386483633 0.04797047970479705 0.05385427666314678
2 0.23308733087330874 0.43611404435058077 0.04797047970479705 0.054910242872228086
7 0.8111931119311193 0.5036958817317846 0.04551045510455105 0.057022175290390706
2 0.36162361623616235 0.3057022175290391 0.05412054120541206 0.0559662090813094
6 0.47483394833948345 0.7055649419218585 0.051906519065190705 0.036705385427666305