6 0.5572289156626506 0.5337620578778135 0.05421686746987952 0.09646302250803858
1 0.5100401606425703 0.6302250803858521 0.060240963855421686 0.09646302250803858
5 0.8333333333333334 0.47266881028938906 0.07228915662650602 0.10289389067524116
1 0.4347389558232932 0.5546623794212219 0.06224899598393574 0.0932475884244373
2 0.4086345381526104 0.8295819935691319 0.050200803212851405 0.10932475884244373
7 0.6445783132530121 0.319935691318328 0.05220883534136546 0.11254019292604502
7 0.8182730923694779 0.6045016077170418 0.050200803212851405 0.10932475884244373
7 0.6405622489959839 0.5627009646302251 0.05220883534136546 0.10932475884244373
7 0.7941767068273092 0.32315112540192925 0.050200803212851405 0.11254019292604502
7 0.7620481927710844 0.4758842443729904 0.050200803212851405 0.10932475884244373
2 0.22791164658634538 0.6045016077170418 0.05421686746987952 0.10932475884244373
2 0.28313253012048195 0.477491961414791 0.05220883534136546 0.11254019292604502
2 0.25100401606425704 0.32315112540192925 0.05220883534136546 0.11254019292604502
2 0.4036144578313253 0.319935691318328 0.05622489959839357 0.11254019292604502
7 0.6355421686746988 0.8311897106109325 0.050200803212851405 0.10610932475884244
0 0.21285140562248997 0.4694533762057878 0.07228915662650602 0.10289389067524116
6 0.5080321285140562 0.5241157556270096 0.060240963855421686 0.09646302250803858
2 0.4106425702811245 0.5643086816720257 0.05421686746987952 0.11254019292604502
1 0.48092369477911645 0.5160771704180064 0.04618473895582329 0.10610932475884244
1 0.5030120481927711 0.4533762057877814 0.05823293172690763 0.09003215434083602
2 0.40963855421686746 0.590032154340836 0.05220883534136546 0.05466237942122187