5 0.8989280774550483 0.7812672176308539 0.036438450899031846 0.0435996326905418
2 0.6630843706777317 0.8960238751147842 0.024792531120331886 0.04509641873278228
0 0.5625034578146612 0.7793204775022956 0.03482019363762096 0.04262626262626269
2 0.5898409405255878 0.833783287419651 0.026307053941908687 0.04631772268135909
7 0.8720677731673582 0.8551790633608816 0.02542185338865852 0.04595041322314046
7 0.8720677731673582 0.7313406795224977 0.02556016597510376 0.04964187327823687
1 0.6718741355463347 0.6603489439853076 0.030276625172890714 0.040202020202020176
7 0.8022475795297371 0.6626170798898072 0.023865836791148145 0.040725436179981554
2 0.59082295988935 0.7138383838383838 0.025331950207468954 0.05911845730027537
1 0.7075172890733058 0.6872543617998164 0.028928077455048436 0.03683195592286492
6 0.7724619640387276 0.776078971533517 0.025622406639004273 0.03669421487603309
6 0.7578146611341632 0.7546831955922865 0.026154910096818924 0.03249770431588623
6 0.7602558782849239 0.7209641873278236 0.02810511756569839 0.03355371900826443
1 0.7631811894882434 0.6995684113865932 0.02276625172890738 0.027842056932965965
2 0.5903319502074689 0.6963269054178145 0.019121715076071986 0.02016528925619838