1 0.6656874265569918 0.5668973471741637 0.05052878965922444 0.05190311418685121
1 0.5099882491186839 0.5870818915801614 0.05170387779083431 0.05074971164936563
1 0.6674500587544065 0.6620530565167243 0.05170387779083431 0.05074971164936563
6 0.7309048178613397 0.5449826989619377 0.05405405405405406 0.05420991926182238
6 0.8143360752056404 0.5767012687427913 0.04700352526439483 0.05074971164936563
6 0.7567567567567568 0.6660899653979239 0.05170387779083431 0.05420991926182238
1 0.6410105757931844 0.7635524798154556 0.052878965922444184 0.05074971164936563
1 0.6809635722679201 0.7324106113033448 0.052878965922444184 0.05074971164936563
6 0.7326674500587544 0.5484429065743944 0.036427732079905996 0.040369088811995385
1 0.6686251468860165 0.7122260668973471 0.03760282021151586 0.03806228373702422
7 0.7873090481786134 0.5173010380622838 0.04465334900117509 0.06113033448673587
5 0.8678025851938895 0.5103806228373703 0.06462984723854288 0.049596309111880045
7 0.8301997649823737 0.44232987312572086 0.045828437132784956 0.06113033448673587
2 0.24236192714453583 0.4426182237600923 0.057779083431257365 0.06632064590542099
2 0.4098119858989424 0.3714878892733564 0.06952996474735601 0.06439446366782012
2 0.28349001175088134 0.5156632064590542 0.059729729729729744 0.07401384083044978
2 0.23501762632197415 0.589677047289504 0.06462984723854288 0.06439446366782005
0 0.20613396004700352 0.5089388696655133 0.07540540540540543 0.07016147635524803