2 0.6666666666666666 0.6011699507389162 0.030088888888888807 0.05823891625615759
2 0.6830755555555555 0.7325492610837439 0.035555555555555556 0.05315270935960601
0 0.5835911111111111 0.7263916256157636 0.04855111111111102 0.06357142857142843
1 0.68376 0.8732512315270936 0.0341866666666667 0.046477832512315284
1 0.7687733333333333 0.815295566502463 0.03191111111111119 0.04301724137931042
6 0.8260977777777778 0.7570320197044336 0.03304888888888895 0.047770935960591086
6 0.7838133333333333 0.7267118226600986 0.03737777777777774 0.05536945812807886
6 0.7882577777777777 0.6011699507389162 0.03669333333333331 0.05444581280788182
7 0.8274666666666667 0.6022783251231527 0.02711999999999999 0.05034482758620689
5 0.9060977777777778 0.7306527093596059 0.04262222222222226 0.05315270935960601
7 0.8208533333333333 0.8718226600985222 0.030773333333333236 0.04742610837438423
6 0.8212 0.8194088669950739 0.03829333333333327 0.04857142857142864
1 0.7439288888888889 0.7320812807881774 0.03692444444444441 0.048411330049261014