1 0.501610305958132 0.6390532544378699 0.043478260869565216 0.0631163708086785
1 0.45652173913043476 0.5887573964497042 0.043478260869565216 0.05719921104536489
1 0.533816425120773 0.5729783037475346 0.04669887278582931 0.07297830374753451
1 0.427536231884058 0.6143984220907298 0.043478260869565216 0.05719921104536489
6 0.5201288244766505 0.863905325443787 0.04830917874396135 0.0631163708086785
6 0.5539452495974235 0.8589743589743589 0.04186795491143317 0.06903353057199212
5 0.8059581320450886 0.6104536489151874 0.05958132045088567 0.0611439842209073
6 0.4822866344605475 0.7998027613412229 0.0499194847020934 0.07692307692307693
6 0.5483091787439613 0.8678500986193294 0.027375201288244767 0.05128205128205128
2 0.3993558776167472 0.40236686390532544 0.04508856682769726 0.09072978303747535
2 0.3027375201288245 0.6134122287968442 0.03864734299516908 0.0670611439842209
7 0.7616747181964574 0.5325443786982249 0.04186795491143317 0.07100591715976332
2 0.27938808373590984 0.5335305719921104 0.040257648953301126 0.06903353057199212
7 0.7391304347826086 0.6143984220907298 0.04186795491143317 0.06903353057199212
7 0.7616747181964574 0.6814595660749507 0.04186795491143317 0.06903353057199212
7 0.6296296296296297 0.6291913214990138 0.03864734299516908 0.0670611439842209
7 0.6392914653784219 0.3915187376725838 0.03864734299516908 0.06903353057199212
2 0.27616747181964574 0.6785009861932939 0.033816425120772944 0.07100591715976332
7 0.642512077294686 0.7761341222879684 0.04508856682769726 0.06903353057199212
0 0.2377133655394525 0.6104930966469427 0.0644122383252818 0.07325443786982246