5 0.7656739811912225 0.4607142857142857 0.054858934169279 0.05714285714285714
7 0.7335423197492164 0.3776785714285714 0.03761755485893417 0.0625
7 0.7084639498432602 0.4625 0.03761755485893417 0.060714285714285714
7 0.6136363636363636 0.5107142857142857 0.03918495297805643 0.060714285714285714
0 0.28134796238244514 0.4589285714285714 0.05799373040752351 0.060714285714285714
7 0.7531347962382445 0.5339285714285714 0.03918495297805643 0.060714285714285714
6 0.5214420062695925 0.5201607142857143 0.03976489028213167 0.061750000000000076
2 0.3103448275862069 0.37857142857142856 0.04075235109717868 0.06428571428571428
2 0.43025078369905956 0.37589285714285714 0.03918495297805643 0.06607142857142857
2 0.29310344827586204 0.5330357142857143 0.04075235109717868 0.0625
2 0.335423197492163 0.4625 0.0438871473354232 0.06428571428571428
2 0.42946708463949845 0.5071428571428571 0.03134796238244514 0.06785714285714285
1 0.4702194357366771 0.5017857142857143 0.05642633228840126 0.075
6 0.5470219435736677 0.5173392857142857 0.03976489028213167 0.061750000000000076