1 0.5522945570971185 0.48745046235138706 0.048025613660619 0.0607661822985469
6 0.4983991462113127 0.8196829590488771 0.044823906083244394 0.059445178335535004
6 0.4583778014941302 0.7813738441215323 0.04589114194236926 0.05680317040951123
6 0.544290288153682 0.8428005284015853 0.04695837780149413 0.05812417437252312
6 0.4743863393810032 0.8513870541611624 0.05016008537886873 0.059445178335535004
1 0.4605122732123799 0.8309114927344782 0.04375667022411953 0.05548216644649934
2 0.42902881536819637 0.5072655217965654 0.04055496264674493 0.071334214002642
0 0.2705442902881537 0.6895640686922061 0.060832443970117396 0.06605019815059446
2 0.31483457844183566 0.6114398943196829 0.051835645677694824 0.07359313077939239
2 0.3323692636072572 0.7619418758256274 0.050309498399146196 0.07832232496697485
7 0.7718356456776948 0.7274900924702774 0.04497331910352199 0.07926023778071334
7 0.7604055496264674 0.5821796565389696 0.04497331910352199 0.0773712021136064
7 0.6613020277481323 0.8317569352708057 0.04649946638207037 0.07076618229854681
7 0.816051227321238 0.6543725231175693 0.06937033084311633 0.06887714663143996