1 0.775911559348332 0.657203557312253 0.034088440651668 0.04083992094861653
6 0.9187276958882855 0.8036561264822134 0.027742435996896988 0.03540513833992088
6 0.8369200930954228 0.8900494071146245 0.03055857253685017 0.033280632411067254
1 0.8037703646237393 0.9110177865612649 0.026330488750969785 0.030879446640316204
6 0.7746159813809155 0.7256422924901186 0.03573312645461594 0.03512845849802367
7 0.8350349107835531 0.7916699604743083 0.03525989138867325 0.04499011857707507
7 0.8466718386346004 0.689703557312253 0.0260977501939487 0.04951581027667974
2 0.7119705197827774 0.9024802371541502 0.03596586501163685 0.04975296442687738
2 0.7193716058960434 0.7930237154150197 0.029619860356865837 0.044090909090908986
2 0.7055003878975951 0.689100790513834 0.03855702094647017 0.050711462450592826
0 0.6361520558572537 0.7943675889328063 0.04654771140418929 0.05397233201581017