6 0.7482142857142857 0.4486345903771131 0.05119047619047619 0.05721716514954486
5 0.8720238095238095 0.5754226267880365 0.06785714285714285 0.0611183355006502
7 0.7910714285714285 0.5786736020806242 0.04642857142857143 0.06762028608582575
7 0.8333333333333334 0.49479843953185954 0.047619047619047616 0.06631989596879063
6 0.7976190476190477 0.7191157347204161 0.06190476190476191 0.07022106631989597
7 0.8416666666666667 0.6605981794538361 0.0380952380952381 0.0754226267880364
2 0.2791666666666667 0.5780234070221066 0.04642857142857143 0.06892067620286085
2 0.2357142857142857 0.49479843953185954 0.047619047619047616 0.06631989596879063
2 0.4041666666666667 0.4174252275682705 0.04642857142857143 0.06762028608582575
2 0.23214285714285715 0.6638491547464239 0.04523809523809524 0.06631989596879063
1 0.5344404761904762 0.9446423927178152 0.07227380952380957 0.06315994798439524
1 0.7891190476190476 0.7607282184655396 0.057821428571428496 0.05387516254876471
0 0.20110714285714287 0.5744993498049416 0.07567857142857141 0.07338101430429123