1 0.5633587786259542 0.49809885931558934 0.04885496183206107 0.057034220532319393
5 0.7862595419847328 0.43155893536121676 0.0549618320610687 0.060836501901140684
7 0.7732824427480917 0.5095057034220533 0.03816793893129771 0.06844106463878327
2 0.3251908396946565 0.5095057034220533 0.03969465648854962 0.06463878326996197
1 0.3244274809160305 0.41825095057034223 0.044274809160305344 0.057034220532319393
7 0.6374045801526718 0.4847908745247148 0.03816793893129771 0.06463878326996197
7 0.7541984732824427 0.3431558935361217 0.0366412213740458 0.06653992395437262
7 0.7305343511450382 0.43250950570342206 0.03816793893129771 0.06653992395437262
6 0.5595419847328245 0.5836501901140685 0.050381679389312976 0.060836501901140684
7 0.6412213740458015 0.34125475285171103 0.03969465648854962 0.06653992395437262
2 0.4618320610687023 0.4838403041825095 0.03816793893129771 0.06653992395437262
2 0.3427480916030534 0.3431558935361217 0.03816793893129771 0.06653992395437262
7 0.6343511450381679 0.6425855513307985 0.03816793893129771 0.06463878326996197
2 0.36717557251908395 0.43346007604562736 0.03816793893129771 0.06463878326996197
2 0.4587786259541985 0.34220532319391633 0.03816793893129771 0.06463878326996197
1 0.5190839694656488 0.5769961977186312 0.051908396946564885 0.07034220532319392
0 0.31068702290076333 0.4372623574144487 0.050381679389312976 0.049429657794676805
2 0.4595419847328244 0.6425855513307985 0.04580152671755725 0.06463878326996197
6 0.5374045801526718 0.5788973384030418 0.03969465648854962 0.058935361216730035