6 0.6124497991967871 0.8050541516245487 0.041499330655957165 0.05415162454873646
6 0.5803212851405622 0.8140794223826715 0.038821954484605084 0.05415162454873646
6 0.5823293172690763 0.6083032490974729 0.0428380187416332 0.05415162454873646
1 0.4062918340026774 0.6561371841155235 0.038821954484605084 0.052346570397111915
6 0.5107095046854083 0.6534296028880866 0.04417670682730924 0.05415162454873646
1 0.5950468540829986 0.8438628158844765 0.041499330655957165 0.03790613718411552
2 0.5053547523427041 0.45126353790613716 0.03346720214190094 0.06498194945848375
2 0.4042838018741633 0.5803249097472925 0.03480589022757698 0.0631768953068592
0 0.3654618473895582 0.6507220216606499 0.04551539491298527 0.05956678700361011
5 0.8413654618473896 0.6498194945848376 0.049531459170013385 0.05776173285198556
7 0.7028112449799196 0.45216606498194944 0.03480589022757698 0.05956678700361011
2 0.4049531459170013 0.7138989169675091 0.03614457831325301 0.0631768953068592
2 0.5053547523427041 0.4359205776173285 0.028112449799196786 0.030685920577617327
7 0.7870013386880856 0.6564620938628158 0.036639892904953 0.06649819494584844
7 0.6964658634538152 0.6697653429602888 0.035930388219544813 0.06649819494584844
7 0.7056358768406962 0.80514440433213 0.040160642570281124 0.0655595667870037
7 0.8063855421686748 0.7168050541516245 0.03875502008032135 0.06364620938628157