6 0.5786334056399133 0.7769736842105263 0.046637744034707156 0.056578947368421055
1 0.35032537960954446 0.7684210526315789 0.04772234273318872 0.05789473684210526
1 0.3302603036876356 0.6578947368421053 0.04880694143167028 0.05789473684210526
1 0.3888286334056399 0.7828947368421053 0.04880694143167028 0.05789473684210526
1 0.5558568329718004 0.8302631578947368 0.046637744034707156 0.05789473684210526
1 0.5325379609544468 0.7861842105263158 0.0455531453362256 0.056578947368421055
6 0.6279826464208242 0.656578947368421 0.039045553145336226 0.05526315789473684
6 0.5873101952277657 0.6598684210526315 0.044468546637744036 0.06184210526315789
6 0.5818872017353579 0.6388157894736842 0.044468546637744036 0.05394736842105263
7 0.6388286334056399 0.4776315789473684 0.04121475054229935 0.06842105263157895
2 0.425704989154013 0.49078947368421055 0.04013015184381779 0.06842105263157895
2 0.44739696312364424 0.8269736842105263 0.04013015184381779 0.06710526315789474
0 0.2651843817787419 0.6730263157894737 0.06182212581344902 0.06710526315789474
2 0.324295010845987 0.7427631578947368 0.0368763557483731 0.06447368421052632
2 0.3125921908893709 0.5916315789473684 0.03796095444685466 0.07988157894736847
7 0.7634815618221258 0.5657894736842105 0.0581019522776572 0.07894736842105263
7 0.7762581344902386 0.711 0.04338394793926247 0.07048684210526307
7 0.6635466377440347 0.8143815789473684 0.04880694143167028 0.07425000000000008
5 0.8208134490238611 0.6386315789473684 0.07360086767895868 0.07425000000000001