6 0.543171114599686 0.7027027027027027 0.04395604395604396 0.06177606177606178
6 0.49607535321821034 0.5936293436293436 0.04709576138147567 0.059845559845559844
1 0.33359497645211933 0.5994208494208494 0.04866562009419152 0.059845559845559844
6 0.5039246467817896 0.6708494208494209 0.04395604395604396 0.059845559845559844
1 0.43956043956043955 0.6341698841698842 0.04395604395604396 0.055984555984555984
1 0.41601255886970173 0.665057915057915 0.04395604395604396 0.055984555984555984
6 0.510989010989011 0.7162162162162162 0.0423861852433281 0.06177606177606178
1 0.4262166405023548 0.6911196911196911 0.04552590266875981 0.05019305019305019
1 0.4230769230769231 0.3909266409266409 0.04866562009419152 0.059845559845559844
2 0.28885400313971743 0.6843629343629344 0.03453689167974882 0.06756756756756757
2 0.28963893249607536 0.5405405405405406 0.03610675039246468 0.06563706563706563
0 0.2488226059654631 0.6167953667953668 0.058084772370486655 0.0637065637065637
2 0.41993720565149134 0.6206563706563707 0.023547880690737835 0.032818532818532815
2 0.31240188383045525 0.6341698841698842 0.04081632653061224 0.0444015444015444
5 0.804552590266876 0.6167953667953668 0.058084772370486655 0.0637065637065637
6 0.5128257456828885 0.4338996138996139 0.055321821036106764 0.07169884169884168
7 0.6350392464678178 0.6347683397683398 0.04709576138147567 0.07629343629343625
7 0.644756671899529 0.4058687258687259 0.05307692307692317 0.07629343629343625
7 0.7617582417582418 0.5382432432432432 0.044850863422292074 0.07079150579150571
7 0.7385871271585558 0.6228185328185328 0.04784929356357931 0.07262548262548263
7 0.7595133437990581 0.6866988416988417 0.046342229199372025 0.06986486486486475
7 0.6466248037676608 0.7813899613899614 0.041868131868131805 0.08088803088803084