1 0.291866028708134 0.6821589205397302 0.05263157894736842 0.06596701649175413
1 0.7745215311004785 0.6086956521739131 0.05143540669856459 0.06596701649175413
1 0.8074162679425837 0.5659670164917541 0.050239234449760764 0.06746626686656672
6 0.8660287081339713 0.41454272863568215 0.05263157894736842 0.06146926536731634
1 0.8235645933014354 0.5472263868065967 0.05382775119617225 0.06596701649175413
0 0.18002392344497609 0.46476761619190404 0.06578947368421052 0.07196401799100449
7 0.8181818181818182 0.37181409295352325 0.04784688995215311 0.07796101949025487
2 0.26136363636363635 0.4700149925037481 0.04665071770334928 0.07946026986506746
2 0.21770334928229665 0.5689655172413793 0.05263157894736842 0.08245877061469266
7 0.7763157894736842 0.46851574212893554 0.050239234449760764 0.07946026986506746
2 0.21830143540669855 0.3733133433283358 0.04665071770334928 0.07496251874062969
6 0.8666267942583732 0.4017991004497751 0.04425837320574163 0.03298350824587706