1 0.5615468409586056 0.8539176626826029 0.05119825708061002 0.05843293492695883
1 0.5517429193899782 0.6865869853917662 0.046840958605664486 0.05046480743691899
6 0.5642701525054467 0.6354581673306773 0.04793028322440087 0.05976095617529881
6 0.525599128540305 0.6062416998671979 0.044662309368191724 0.057104913678618856
1 0.528322440087146 0.6660026560424966 0.030501089324618737 0.06241699867197875
1 0.5490196078431373 0.6148738379814077 0.02832244008714597 0.05843293492695883
2 0.4144880174291939 0.5079681274900398 0.042483660130718956 0.07304116865869854
2 0.3007298474945534 0.6146879150066401 0.04434640522875818 0.07209827357237711
2 0.3151307189542484 0.7655112881806109 0.04824618736383438 0.07398406374501997
2 0.4384531590413943 0.8513545816733068 0.049019607843137254 0.07683930942895073
0 0.2548257080610022 0.6924701195219123 0.07236383442265792 0.07588313413014613
7 0.6306427015250544 0.4946879150066401 0.04279956427015247 0.08062416998671984
7 0.7520261437908496 0.5814873837981408 0.05057734204793035 0.07019920318725101
7 0.7652505446623094 0.732788844621514 0.04590413943355131 0.06924302788844634
7 0.6543681917211329 0.8333333333333334 0.04824618736383438 0.07494023904382478
5 0.8099891067538126 0.6564276228419655 0.07003267973856205 0.08347941567065074