1 0.5007923930269413 0.5023201856148491 0.04754358161648178 0.07192575406032482
6 0.7971473851030111 0.4872389791183295 0.04754358161648178 0.06960556844547564
6 0.49920760697305866 0.7192575406032483 0.05705229793977813 0.07888631090487239
1 0.43898573692551507 0.45011600928074247 0.04754358161648178 0.07888631090487239
2 0.4080824088748019 0.2865429234338747 0.042789223454833596 0.08120649651972157
6 0.5467511885895404 0.5243619489559165 0.04754358161648178 0.06960556844547564
6 0.4508716323296355 0.734338747099768 0.0491283676703645 0.07192575406032482
2 0.2900158478605388 0.4547563805104408 0.04754358161648178 0.08352668213457076
7 0.7408874801901744 0.548723897911833 0.039619651347068144 0.0765661252900232
2 0.4183835182250396 0.5661252900232019 0.04120443740095087 0.07888631090487239
7 0.6315372424722663 0.5661252900232019 0.039619651347068144 0.07888631090487239
0 0.24405705229793978 0.5440835266821346 0.05705229793977813 0.0765661252900232
7 0.7646592709984152 0.6299303944315545 0.04595879556259905 0.08120649651972157
2 0.31061806656101426 0.5475638051044084 0.04120443740095087 0.07888631090487239
7 0.6418383518225039 0.7389791183294664 0.04120443740095087 0.08120649651972157
2 0.286053882725832 0.62877030162413 0.04595879556259905 0.08352668213457076
2 0.40887480190174325 0.7378190255220418 0.04120443740095087 0.07888631090487239
7 0.7606973058637084 0.45359628770301624 0.03803486529318542 0.0765661252900232
3 0.5253565768621236 0.44779582366589327 0.0554675118858954 0.08352668213457076
6 0.6427892234548336 0.3234338747099768 0.053248811410459625 0.08074245939675177