1 0.5751937984496124 0.34233261339092874 0.040310077519379844 0.06695464362850972
1 0.5496124031007752 0.4222462203023758 0.04496124031007752 0.06263498920086392
1 0.5581395348837209 0.519438444924406 0.043410852713178294 0.06263498920086392
1 0.5775193798449613 0.47516198704103674 0.03565891472868217 0.06047516198704104
1 0.6046511627906976 0.45788336933045354 0.046511627906976744 0.06911447084233262
6 0.6550387596899225 0.519438444924406 0.04186046511627907 0.06263498920086392
6 0.6302325581395349 0.5561555075593952 0.04186046511627907 0.06263498920086392
7 0.6612403100775194 0.33153347732181426 0.04496124031007752 0.0755939524838013
2 0.43488372093023253 0.3282937365010799 0.04186046511627907 0.07775377969762419
7 0.7806201550387597 0.4816414686825054 0.04186046511627907 0.07775377969762419
2 0.3178294573643411 0.4816414686825054 0.040310077519379844 0.0734341252699784
5 0.8224806201550388 0.5669546436285097 0.05736434108527132 0.07127429805615551
1 0.5604651162790698 0.5269978401727862 0.023255813953488372 0.038876889848812095
7 0.7604651162790698 0.5691144708423326 0.03565891472868217 0.07127429805615551
7 0.7829457364341085 0.6436285097192225 0.037209302325581395 0.0734341252699784
7 0.6589147286821705 0.7494600431965442 0.04961240310077519 0.0734341252699784
2 0.33798449612403103 0.5701943844492441 0.040310077519379844 0.0734341252699784
2 0.31627906976744186 0.6436285097192225 0.040310077519379844 0.0734341252699784
7 0.6573643410852713 0.5853131749460043 0.031007751937984496 0.08207343412526998
7 0.6596899224806202 0.6015118790496761 0.02635658914728682 0.04967602591792657
0 0.2763720930232558 0.5671922246220302 0.06336434108527132 0.0882721382289417
6 0.6110542635658914 0.33524838012958963 0.051906976744186074 0.06572354211663069