5 0.7856060606060606 0.4230769230769231 0.05606060606060606 0.0650887573964497
7 0.7734848484848484 0.504930966469428 0.03787878787878788 0.0670611439842209
1 0.5977272727272728 0.6351084812623274 0.05 0.07495069033530571
7 0.6386363636363637 0.47928994082840237 0.03787878787878788 0.0670611439842209
2 0.3704545454545455 0.4260355029585799 0.03787878787878788 0.0670611439842209
1 0.5151515151515151 0.4477317554240631 0.045454545454545456 0.07495069033530571
7 0.7310606060606061 0.4260355029585799 0.03787878787878788 0.0670611439842209
2 0.3462121212121212 0.3323471400394477 0.03787878787878788 0.06903353057199212
7 0.6431818181818182 0.33037475345167655 0.03787878787878788 0.06903353057199212
7 0.7545454545454545 0.3323471400394477 0.03939393939393939 0.06903353057199212
2 0.328030303030303 0.504930966469428 0.03787878787878788 0.0670611439842209
2 0.4674242424242424 0.47830374753451677 0.04393939393939394 0.06903353057199212
2 0.46136363636363636 0.33037475345167655 0.04090909090909091 0.06903353057199212
0 0.3159090909090909 0.4230769230769231 0.05606060606060606 0.0650887573964497
1 0.5143939393939394 0.3875739644970414 0.04696969696969697 0.05719921104536489
2 0.4643939393939394 0.6429980276134122 0.04090909090909091 0.0670611439842209
7 0.6363636363636364 0.6429980276134122 0.03939393939393939 0.0670611439842209
6 0.556060606060606 0.398422090729783 0.04242424242424243 0.0631163708086785