6 0.41059957173447537 0.783498759305211 0.043897216274089934 0.05334987593052109
1 0.3576017130620985 0.7692307692307693 0.05139186295503212 0.05955334987593052
6 0.4346895074946467 0.7239454094292804 0.044967880085653104 0.05583126550868486
1 0.2623126338329764 0.7332506203473945 0.044967880085653104 0.05459057071960298
6 0.42880085653104927 0.7549627791563276 0.03961456102783726 0.04590570719602978
6 0.5021413276231264 0.6712158808933002 0.044967880085653104 0.052109181141439205
6 0.5273019271948608 0.6712158808933002 0.03961456102783726 0.052109181141439205
0 0.29282655246252676 0.7127791563275434 0.046038543897216275 0.06327543424317618
0 0.2773019271948608 0.7220843672456576 0.07494646680942184 0.08188585607940446
7 0.7791113490364027 0.606985111662531 0.05270877944325484 0.06870967741935491
7 0.658051391862955 0.5292059553349876 0.05105995717344759 0.06776674937965262
7 0.7931156316916488 0.7467990074441687 0.04941113490364035 0.06394540942928036
7 0.6794646680942185 0.8408064516129032 0.042826552462526764 0.06490074441687338
5 0.8338865096359743 0.6790446650124069 0.06671306209850102 0.06585607940446642
2 0.3339614561027837 0.6337096774193548 0.048586723768736614 0.07826302729528534