1 0.13453815261044177 0.3088803088803089 0.05622489959839357 0.10810810810810811
6 0.6927710843373494 0.4305019305019305 0.06827309236947791 0.1274131274131274
2 0.20281124497991967 0.5675675675675675 0.05220883534136546 0.13127413127413126
2 0.38353413654618473 0.8378378378378378 0.05220883534136546 0.13127413127413126
2 0.38353413654618473 0.5173745173745173 0.05220883534136546 0.13127413127413126
2 0.3795180722891566 0.22586872586872586 0.05220883534136546 0.13513513513513514
0 0.18373493975903615 0.40733590733590735 0.06626506024096386 0.1274131274131274
2 0.22590361445783133 0.22972972972972974 0.050200803212851405 0.13513513513513514
6 0.8263052208835341 0.33976833976833976 0.05823293172690763 0.11583011583011583
7 0.7911646586345381 0.5675675675675675 0.05220883534136546 0.13127413127413126
6 0.8835341365461847 0.3108108108108108 0.060240963855421686 0.11196911196911197
7 0.6144578313253012 0.5173745173745173 0.05220883534136546 0.13127413127413126
7 0.6184738955823293 0.22586872586872586 0.05220883534136546 0.13513513513513514
7 0.7680722891566265 0.22972972972972974 0.050200803212851405 0.13513513513513514
1 0.30120481927710846 0.444015444015444 0.06827309236947791 0.13127413127413126
7 0.6104417670682731 0.8397683397683398 0.05220883534136546 0.1274131274131274
2 0.25502008032128515 0.41312741312741313 0.04819277108433735 0.13127413127413126
7 0.7379518072289156 0.41312741312741313 0.04618473895582329 0.13127413127413126