1 0.4594017094017094 0.6451048951048951 0.04415954415954416 0.05244755244755245
1 0.5185185185185185 0.6416083916083916 0.042735042735042736 0.05244755244755245
6 0.6032763532763533 0.6215034965034965 0.04131054131054131 0.057692307692307696
6 0.5683760683760684 0.673951048951049 0.042735042735042736 0.05419580419580419
1 0.5049857549857549 0.4833916083916084 0.04131054131054131 0.05419580419580419
6 0.6111111111111112 0.7727272727272727 0.042735042735042736 0.05244755244755245
6 0.6723646723646723 0.7263986013986014 0.042735042735042736 0.05419580419580419
6 0.5356125356125356 0.45367132867132864 0.042735042735042736 0.05419580419580419
2 0.37749287749287747 0.6564685314685315 0.037037037037037035 0.06118881118881119
2 0.35826210826210825 0.5874125874125874 0.038461538461538464 0.05944055944055944
2 0.4658119658119658 0.4606643356643357 0.037037037037037035 0.06468531468531469
2 0.3596866096866097 0.7176573426573427 0.038461538461538464 0.06118881118881119
0 0.32051282051282054 0.6547202797202797 0.05413105413105413 0.057692307692307696
5 0.8240740740740741 0.6538461538461539 0.04985754985754986 0.05944055944055944
7 0.6766381766381766 0.4632867132867133 0.037037037037037035 0.05944055944055944
7 0.7649572649572649 0.6573426573426573 0.037037037037037035 0.05944055944055944
7 0.7849002849002849 0.5856643356643356 0.037037037037037035 0.06293706293706294
7 0.6688034188034188 0.6713286713286714 0.03561253561253561 0.05944055944055944
7 0.7856125356125356 0.7185314685314685 0.038461538461538464 0.06293706293706294
7 0.6788888888888889 0.8032692307692308 0.0412393162393163 0.06256993006993