6 0.6741321388577828 0.6928934010152284 0.04479283314669653 0.05583756345177665
6 0.5537513997760358 0.8052030456852792 0.048152295632698766 0.06218274111675127
6 0.6231802911534154 0.7017766497461929 0.04591265397536394 0.05583756345177665
6 0.6326987681970885 0.7785532994923858 0.04479283314669653 0.05456852791878172
6 0.6091825307950728 0.7525380710659898 0.04703247480403135 0.050761421319796954
1 0.5817469204927211 0.7918781725888325 0.048152295632698766 0.0583756345177665
1 0.64501679731243 0.6630710659898477 0.0425531914893617 0.03680203045685279
7 0.6343001119820828 0.5234771573604061 0.04959686450167969 0.07524111675126899
7 0.7586786114221724 0.6091370558375635 0.05359462486002228 0.07251269035532994
7 0.7746808510638298 0.7491878172588833 0.05039193729003359 0.07342639593908616
7 0.6550951847704367 0.8461802030456852 0.04319148936170206 0.06616751269035545
5 0.8182642777155655 0.6762182741116751 0.07039193729003348 0.07069796954314725
2 0.43673012318029114 0.8606725888324873 0.05919372900335948 0.07704314720812187
2 0.41512877939529674 0.5361675126903553 0.060795072788353825 0.08067258883248737
2 0.2955543113101904 0.6349746192893401 0.04879059350503922 0.06979695431472081
2 0.3103471444568869 0.7759263959390862 0.04959686450167972 0.0833883248730965
0 0.24956326987681973 0.7124746192893401 0.0735834266517357 0.07614213197969544