1 0.2996594778660613 0.4928104575163399 0.049943246311010214 0.05751633986928104
1 0.4211123723041998 0.730718954248366 0.04540295119182747 0.05751633986928104
6 0.5539160045402951 0.7875816993464052 0.04540295119182747 0.058823529411764705
1 0.3836549375709421 0.8124183006535948 0.049943246311010214 0.05620915032679739
6 0.8331441543700341 0.6235294117647059 0.03859250851305335 0.054901960784313725
6 0.5794551645856981 0.7607843137254902 0.053348467650397274 0.06535947712418301
6 0.5493757094211124 0.7555555555555555 0.04086265607264472 0.05751633986928104
6 0.5925085130533485 0.769281045751634 0.03178206583427923 0.050980392156862744
6 0.5754824063564131 0.7549019607843137 0.03178206583427923 0.043137254901960784
6 0.8030646992054483 0.6019607843137255 0.032917139614074914 0.040522875816993466
6 0.818955732122588 0.6320261437908496 0.03064699205448354 0.043137254901960784
0 0.22304199772985245 0.5849673202614379 0.06469920544835414 0.06666666666666667
7 0.8291713961407492 0.5071895424836601 0.04199772985244041 0.06535947712418301
6 0.8314415437003405 0.6261437908496732 0.026106696935300794 0.0392156862745098
2 0.2548240635641317 0.6751633986928105 0.04426787741203178 0.06666666666666667
2 0.30022701475595914 0.5888888888888889 0.04426787741203178 0.06666666666666667
2 0.2593643586833144 0.5052287581699346 0.04426787741203178 0.06666666666666667