1 0.5314685314685315 0.34929078014184395 0.046620046620046623 0.05319148936170213
1 0.5303030303030303 0.2842789598108747 0.05827505827505827 0.057919621749408984
6 0.6083916083916084 0.28250591016548465 0.046620046620046623 0.05200945626477541
2 0.41025641025641024 0.23699763593380616 0.04428904428904429 0.06028368794326241
0 0.20862470862470864 0.37943262411347517 0.06526806526806526 0.05673758865248227
2 0.2867132867132867 0.382387706855792 0.04428904428904429 0.06264775413711583
2 0.24592074592074592 0.3061465721040189 0.04428904428904429 0.061465721040189124
2 0.24125874125874125 0.4592198581560284 0.04428904428904429 0.06028368794326241
6 0.5728438228438228 0.2695035460992908 0.045454545454545456 0.04964539007092199
5 0.8677156177156177 0.3806146572104019 0.0641025641025641 0.054373522458628844
2 0.4178321678321678 0.4515366430260047 0.04312354312354312 0.061465721040189124
7 0.6655011655011654 0.2375886524822695 0.04428904428904429 0.061465721040189124
7 0.8304195804195804 0.3067375886524823 0.045454545454545456 0.06028368794326241
6 0.5775058275058275 0.32269503546099293 0.045454545454545456 0.05200945626477541
7 0.7878787878787878 0.3829787234042553 0.04428904428904429 0.061465721040189124
7 0.833916083916084 0.4604018912529551 0.045454545454545456 0.06028368794326241
7 0.662004662004662 0.4533096926713948 0.04428904428904429 0.06028368794326241
7 0.6724941724941725 0.6294326241134752 0.04428904428904429 0.06028368794326241
2 0.40675990675990675 0.6300236406619385 0.04428904428904429 0.061465721040189124