2 0.4068219633943428 0.42962184873949577 0.04492512479201331 0.07352941176470588
0 0.2437603993344426 0.3707983193277311 0.06156405990016639 0.06932773109243698
2 0.25707154742096505 0.4579831932773109 0.04492512479201331 0.07563025210084033
2 0.4034941763727121 0.27205882352941174 0.04159733777038269 0.07352941176470588
1 0.48668885191347755 0.3235294117647059 0.05823627287853577 0.07563025210084033
2 0.2762063227953411 0.27415966386554624 0.04326123128119801 0.07352941176470588
2 0.30449251247920134 0.375 0.04326123128119801 0.07352941176470588
7 0.5990016638935108 0.42962184873949577 0.04326123128119801 0.07352941176470588
7 0.699667221297837 0.3739495798319328 0.04159733777038269 0.07142857142857142
5 0.7603993344425957 0.37184873949579833 0.059900166389351084 0.06722689075630252
7 0.7262895174708819 0.27415966386554624 0.04159733777038269 0.07352941176470588
7 0.6023294509151415 0.27205882352941174 0.04326123128119801 0.07352941176470588
7 0.7462562396006656 0.4579831932773109 0.04159733777038269 0.07142857142857142
1 0.4983361064891847 0.4894957983193277 0.048252911813643926 0.06722689075630252
7 0.5965058236272879 0.6050420168067226 0.04159733777038269 0.07142857142857142
2 0.4068219633943428 0.6039915966386554 0.04159733777038269 0.07352941176470588
6 0.5349417637271214 0.29411764705882354 0.04159733777038269 0.06722689075630252
6 0.5049916805324459 0.2710084033613445 0.04492512479201331 0.058823529411764705