6 0.5470494417862839 0.7833935018050542 0.04784688995215311 0.05415162454873646
1 0.4154704944178628 0.6850180505415162 0.046251993620414676 0.052346570397111915
1 0.41866028708133973 0.7563176895306859 0.046251993620414676 0.05415162454873646
1 0.4529505582137161 0.7743682310469314 0.04784688995215311 0.05415162454873646
1 0.529505582137161 0.4548736462093863 0.04784688995215311 0.05415162454873646
6 0.5135566188197768 0.8104693140794224 0.051036682615629984 0.05776173285198556
6 0.49760765550239233 0.7644404332129964 0.04784688995215311 0.05595667870036101
0 0.24888357256778312 0.6417509025270758 0.05792663476874002 0.05985559566786998
2 0.2896012759170654 0.5681227436823105 0.04700159489633169 0.07030685920577626
2 0.41341307814992023 0.44366425992779784 0.04448165869218498 0.06460288808664263
2 0.3114194577352472 0.6384115523465704 0.0453269537480064 0.06460288808664254
2 0.29295055821371613 0.7072924187725631 0.04869218500797444 0.06364620938628157
6 0.5855023923444976 0.4379602888086643 0.061275917065390685 0.05700361010830327
7 0.6467783094098883 0.44223826714801445 0.04784688995215311 0.07505415162454876
7 0.7672248803827751 0.5695487364620938 0.05371610845295048 0.07124548736462098
7 0.7466666666666667 0.6464981949458484 0.041132376395534236 0.06175090252707588
7 0.7676555023923445 0.7068231046931408 0.04784688995215311 0.06460288808664254
7 0.6354385964912281 0.6578880866425993 0.04700159489633178 0.0655595667870037
7 0.6450877192982457 0.7942238267148014 0.04617224880382782 0.07030685920577626
5 0.8125518341307816 0.6398375451263538 0.07051036682615636 0.0655595667870037
3 0.47259968102073363 0.6246389891696751 0.0671610845295056 0.07694945848375451