0 0.18057210965435042 0.37338044758539457 0.06555423122765197 0.05889281507656066
1 0.12276519666269368 0.29093050647820967 0.050059594755661505 0.05182567726737338
6 0.7288438617401669 0.40694935217903416 0.05601907032181168 0.05535924617196702
1 0.3063170441001192 0.395170789163722 0.057210965435041714 0.06478209658421673
2 0.21513706793802145 0.45288574793875147 0.04410011918951132 0.06007067137809187
6 0.8402860548271752 0.3568904593639576 0.052443384982121574 0.05182567726737338
6 0.7747318235995232 0.2703180212014134 0.052443384982121574 0.053003533568904596
6 0.7270560190703218 0.3498233215547703 0.050059594755661505 0.05418138987043581
2 0.3873659117997616 0.2308598351001178 0.04529201430274136 0.061248527679623084
2 0.2592371871275328 0.3763250883392226 0.03933253873659118 0.06007067137809187
2 0.21930870083432658 0.30094228504122494 0.04529201430274136 0.06007067137809187
7 0.6483909415971395 0.232037691401649 0.04529201430274136 0.061248527679623084
2 0.3951132300357569 0.44405182567726736 0.041716328963051254 0.05653710247349823
7 0.6442193087008343 0.4469964664310954 0.04648390941597139 0.06007067137809187
7 0.8212157330154947 0.4540636042402827 0.04529201430274136 0.06007067137809187
7 0.7753277711561383 0.37691401648998824 0.041716328963051254 0.0636042402826855
7 0.8164481525625745 0.3003533568904594 0.04290822407628129 0.061248527679623084
7 0.6567342073897497 0.6230859835100118 0.04529201430274136 0.061248527679623084
6 0.7777115613825983 0.2703180212014134 0.03456495828367104 0.04122497055359246
5 0.8569725864123957 0.37868080094228507 0.05959475566150179 0.045936395759717315
2 0.38048867699642436 0.624263839811543 0.05867699642431468 0.07248527679623082