1 0.5319314641744548 0.4260780287474333 0.045171339563862926 0.06365503080082136
1 0.5077881619937694 0.2587268993839836 0.04361370716510903 0.07802874743326489
5 0.7593457943925234 0.37063655030800824 0.05451713395638629 0.06776180698151951
7 0.7468847352024922 0.45585215605749485 0.03894080996884735 0.06981519507186858
7 0.6082554517133957 0.42813141683778233 0.03894080996884735 0.07186858316221766
7 0.6129283489096573 0.2741273100616016 0.03894080996884735 0.07186858316221766
7 0.7032710280373832 0.3737166324435318 0.03894080996884735 0.06981519507186858
7 0.7274143302180686 0.27618069815195073 0.040498442367601244 0.07186858316221766
1 0.5420560747663551 0.28234086242299794 0.04984423676012461 0.07186858316221766
0 0.2764797507788162 0.37063655030800824 0.05763239875389408 0.06776180698151951
6 0.5124610591900312 0.5605749486652978 0.04672897196261682 0.061601642710472276
2 0.42679127725856697 0.2741273100616016 0.040498442367601244 0.07186858316221766
2 0.3068535825545171 0.27618069815195073 0.040498442367601244 0.07186858316221766
2 0.2897196261682243 0.4548254620123203 0.040498442367601244 0.07186858316221766
2 0.3317757009345794 0.3737166324435318 0.040498442367601244 0.06981519507186858
7 0.6066978193146417 0.5995893223819302 0.03894080996884735 0.06981519507186858
2 0.42912772585669784 0.42813141683778233 0.045171339563862926 0.07186858316221766
2 0.42912772585669784 0.5995893223819302 0.03894080996884735 0.06981519507186858