6 0.560126582278481 0.4474789915966387 0.05063291139240506 0.07563025210084033
6 0.5166139240506329 0.37710084033613445 0.04588607594936709 0.06512605042016807
6 0.6075949367088608 0.36134453781512604 0.04746835443037975 0.06302521008403361
1 0.4311708860759494 0.36764705882352944 0.04588607594936709 0.06302521008403361
6 0.507120253164557 0.5441176470588235 0.04588607594936709 0.06302521008403361
1 0.45806962025316456 0.5745798319327731 0.04588607594936709 0.06512605042016807
6 0.5806962025316456 0.32668067226890757 0.04430379746835443 0.07352941176470588
5 0.817246835443038 0.5808823529411765 0.058544303797468354 0.06932773109243698
1 0.4849683544303797 0.5808823529411765 0.03955696202531646 0.06092436974789916
7 0.6431962025316456 0.6008403361344538 0.03955696202531646 0.07142857142857142
7 0.6542721518987342 0.3487394957983193 0.03955696202531646 0.07563025210084033
7 0.752373417721519 0.5840336134453782 0.03955696202531646 0.07563025210084033
2 0.3235759493670886 0.5840336134453782 0.03955696202531646 0.07142857142857142
7 0.7737341772151899 0.4989495798319328 0.04113924050632911 0.07352941176470588
7 0.7737341772151899 0.6554621848739496 0.04113924050632911 0.07142857142857142
0 0.25712025316455694 0.5798319327731093 0.058544303797468354 0.06722689075630252
7 0.6534810126582279 0.7573529411764706 0.04113924050632911 0.07352941176470588
2 0.29667721518987344 0.6544117647058824 0.03322784810126582 0.06932773109243698
2 0.2974683544303797 0.49789915966386555 0.0379746835443038 0.07142857142857142
2 0.4311708860759494 0.6008403361344538 0.04272151898734177 0.07142857142857142