2 0.7161285500747384 0.6708497409326425 0.029895366218236172 0.05130569948186527
2 0.7285874439461884 0.779357512953368 0.033064275037369216 0.050963730569948254
2 0.7212257100149477 0.8990155440414507 0.033295964125560504 0.05280829015544045
0 0.6484155455904335 0.777937823834197 0.041218236173393194 0.05944041450777192
5 0.9226831091180867 0.7777823834196891 0.03804932735425998 0.050331606217616516
7 0.851001494768311 0.6710051813471503 0.026494768310911673 0.04533678756476684
7 0.8386547085201793 0.7831295336787565 0.022197309417040224 0.047191709844559546
6 0.8418236173393123 0.8850362694300518 0.023101644245141894 0.037430051813471386
6 0.8209865470852018 0.8807979274611399 0.027630792227204635 0.03648704663212439
1 0.7913228699551569 0.762559585492228 0.02808669656203283 0.04122279792746111
1 0.7888266068759343 0.8914818652849741 0.028535127055306305 0.041502590673575084
6 0.7833931240657699 0.6543626943005182 0.03125560538116604 0.04094300518134714