1 0.5410225921521997 0.311340206185567 0.052318668252080855 0.04536082474226804
1 0.5178359096313913 0.2304123711340206 0.05112960760998811 0.04639175257731959
6 0.7366230677764566 0.36082474226804123 0.0535077288941736 0.04536082474226804
1 0.5023781212841855 0.3984536082474227 0.0558858501783591 0.04845360824742268
1 0.4684898929845422 0.41701030927835053 0.04756242568370987 0.0443298969072165
6 0.5879904875148633 0.3170103092783505 0.04637336504161712 0.04639175257731959
1 0.5124851367419738 0.3304123711340206 0.04756242568370987 0.0443298969072165
6 0.5101070154577884 0.4438144329896907 0.04756242568370987 0.03814432989690722
6 0.4875148632580262 0.4551546391752577 0.04518430439952437 0.04020618556701031
7 0.8263971462544589 0.5247422680412371 0.04518430439952437 0.05360824742268041
7 0.7794292508917955 0.4587628865979381 0.04637336504161712 0.05360824742268041
7 0.6504161712247325 0.5190721649484537 0.04518430439952437 0.05463917525773196
6 0.5315101070154578 0.4216494845360825 0.03804994054696789 0.041237113402061855
7 0.8204518430439952 0.3922680412371134 0.04994054696789536 0.05670103092783505
7 0.654577883472057 0.32989690721649484 0.04637336504161712 0.05567010309278351
5 0.8620689655172413 0.45618556701030927 0.06420927467300833 0.04845360824742268
2 0.22175980975029727 0.5237113402061856 0.04399524375743163 0.05360824742268041
2 0.2253269916765755 0.39123711340206185 0.04637336504161712 0.05257731958762887
2 0.40589774078478 0.522020618556701 0.05080856123662309 0.052484536082474255
2 0.3945541022592152 0.33129896907216494 0.05620689655172412 0.06091752577319591
2 0.2702378121284186 0.45829896907216494 0.05620689655172412 0.058103092783505166
2 0.38860879904875145 0.6715051546391753 0.06593341260404285 0.0702886597938145
7 0.6637098692033293 0.6724432989690722 0.04972651605231859 0.06654639175257727