1 0.2932636469221835 0.40115606936416187 0.05226480836236934 0.05086705202312139
1 0.16202090592334495 0.3046242774566474 0.0545876887340302 0.06358381502890173
1 0.3408826945412311 0.4 0.0545876887340302 0.05317919075144509
6 0.7508710801393729 0.3554913294797688 0.04994192799070848 0.05202312138728324
2 0.4274099883855981 0.45202312138728323 0.04413472706155633 0.06011560693641618
6 0.7526132404181185 0.41271676300578036 0.05574912891986063 0.055491329479768786
6 0.9320557491289199 0.3242774566473988 0.04994192799070848 0.04971098265895954
2 0.2508710801393728 0.4578034682080925 0.04413472706155633 0.06011560693641618
6 0.7967479674796748 0.2791907514450867 0.053426248548199766 0.05433526011560694
0 0.21777003484320556 0.3809248554913295 0.06155632984901278 0.05433526011560694
2 0.41986062717770034 0.24046242774566473 0.0429732868757259 0.06011560693641618
2 0.25609756097560976 0.30809248554913293 0.0429732868757259 0.06127167630057803
5 0.8745644599303136 0.3809248554913295 0.0627177700348432 0.05433526011560694
7 0.6736353077816493 0.2421965317919075 0.04413472706155633 0.06127167630057803
7 0.8420441347270615 0.4595375722543353 0.04413472706155633 0.058959537572254334
7 0.6695702671312428 0.4531791907514451 0.04529616724738676 0.06011560693641618
7 0.6817653890824622 0.6260115606936416 0.04413472706155633 0.06127167630057803
7 0.8385598141695703 0.3115606936416185 0.04413472706155633 0.056647398843930635
7 0.7979094076655052 0.38497109826589593 0.03716608594657375 0.057803468208092484
2 0.4152148664343786 0.6271676300578035 0.05420441347270611 0.06551445086705211