6 0.584696261682243 0.283596837944664 0.05023364485981308 0.08893280632411067
1 0.45619158878504673 0.2015810276679842 0.05023364485981308 0.08695652173913043
6 0.5683411214953271 0.8952569169960475 0.0455607476635514 0.08300395256916997
1 0.47488317757009346 0.7450592885375494 0.05023364485981308 0.09090909090909091
6 0.5689252336448598 0.8409090909090909 0.04906542056074766 0.07312252964426877
6 0.5251168224299065 0.8873517786561265 0.05023364485981308 0.08695652173913043
1 0.4929906542056075 0.8290513833992095 0.04672897196261682 0.08498023715415019
1 0.46203271028037385 0.8369565217391305 0.036214953271028034 0.08498023715415019
6 0.5373831775700935 0.7075098814229249 0.04906542056074766 0.08695652173913043
1 0.4912383177570093 0.8942687747035574 0.04088785046728972 0.07312252964426877
2 0.2669392523364486 0.45454545454545453 0.0455607476635514 0.10276679841897234
2 0.38901869158878505 0.30039525691699603 0.04439252336448598 0.10276679841897234
2 0.4117990654205608 0.8043478260869565 0.04322429906542056 0.10276679841897234
2 0.2827102803738318 0.6758893280632411 0.04439252336448598 0.10276679841897234
0 0.21695093457943926 0.5787747035573123 0.06564252336448598 0.10539525691699612
5 0.8144158878504673 0.5213636363636364 0.06898364485981304 0.10539525691699607
7 0.6252803738317757 0.2823320158102767 0.05007009345794381 0.10729249011857708
7 0.7507242990654206 0.4084387351778656 0.04839953271028045 0.10729249011857711
7 0.7665771028037384 0.6338142292490118 0.047838785046729025 0.10822134387351777
7 0.6439135514018692 0.7853359683794466 0.05174065420560743 0.10634387351778646