1 0.5051457975986278 0.6208333333333333 0.04974271012006861 0.0625
1 0.46226415094339623 0.33229166666666665 0.04974271012006861 0.06041666666666667
5 0.7444253859348199 0.3875 0.06174957118353345 0.06666666666666667
7 0.5780445969125214 0.44583333333333336 0.0411663807890223 0.07083333333333333
7 0.7315608919382505 0.47291666666666665 0.04288164665523156 0.07083333333333333
7 0.6826758147512865 0.38958333333333334 0.0411663807890223 0.07083333333333333
7 0.7109777015437393 0.290625 0.04288164665523156 0.07291666666666667
7 0.5771869639794168 0.61875 0.04288164665523156 0.07083333333333333
6 0.5368782161234992 0.3145833333333333 0.048027444253859346 0.05416666666666667
7 0.5849056603773585 0.28958333333333336 0.03773584905660377 0.07083333333333333
2 0.379073756432247 0.28854166666666664 0.044596912521440824 0.07291666666666667
2 0.38250428816466553 0.61875 0.044596912521440824 0.07083333333333333
2 0.2469982847341338 0.2916666666666667 0.044596912521440824 0.075
2 0.3816466552315609 0.44479166666666664 0.04288164665523156 0.07291666666666667
1 0.5094339622641509 0.3625 0.058319039451114926 0.05416666666666667
2 0.27530017152658665 0.38958333333333334 0.04288164665523156 0.07083333333333333
0 0.2144082332761578 0.38645833333333335 0.06174957118353345 0.06875
2 0.22641509433962265 0.47291666666666665 0.044596912521440824 0.07083333333333333
6 0.5102915951972555 0.31354166666666666 0.04631217838765009 0.06041666666666667