1 0.575493612078978 0.2544642857142857 0.047619047619047616 0.049107142857142856
1 0.4657375145180023 0.5602678571428571 0.05110336817653891 0.046875
1 0.5452961672473867 0.6395089285714286 0.05226480836236934 0.05133928571428571
6 0.6184668989547039 0.24832589285714285 0.04994192799070848 0.05022321428571429
6 0.6016260162601627 0.47154017857142855 0.05110336817653891 0.05022321428571429
1 0.570267131242741 0.6138392857142857 0.04878048780487805 0.049107142857142856
2 0.42276422764227645 0.47488839285714285 0.03948896631823461 0.056919642857142856
6 0.5963995354239257 0.5731026785714286 0.0545876887340302 0.05022321428571429
6 0.5818815331010453 0.48604910714285715 0.05110336817653891 0.04799107142857143
7 0.662020905923345 0.47488839285714285 0.04413472706155633 0.056919642857142856
0 0.21080139372822299 0.4056919642857143 0.06387921022067364 0.052455357142857144
7 0.7886178861788617 0.40904017857142855 0.04413472706155633 0.056919642857142856
5 0.8681765389082462 0.40792410714285715 0.06387921022067364 0.0546875
2 0.24796747967479674 0.3364955357142857 0.04529616724738676 0.05915178571428571
7 0.8310104529616724 0.33761160714285715 0.04529616724738676 0.056919642857142856
2 0.24448315911730545 0.4799107142857143 0.04529616724738676 0.05803571428571429
7 0.8333333333333334 0.4810267857142857 0.047619047619047616 0.05803571428571429
2 0.41289198606271776 0.27064732142857145 0.0429732868757259 0.056919642857142856
2 0.2897793263646922 0.40792410714285715 0.04529616724738676 0.056919642857142856
7 0.6666666666666666 0.27120535714285715 0.04413472706155633 0.05803571428571429
2 0.4079558652729384 0.6432366071428571 0.04936120789779326 0.07119419642857139
7 0.674924506387921 0.6446316964285714 0.047108013937282166 0.06840401785714281