6 0.6322436849925706 0.6292035398230088 0.04309063893016345 0.05132743362831858
6 0.6032689450222882 0.636283185840708 0.03863298662704309 0.047787610619469026
1 0.38930163447251115 0.7530973451327434 0.04457652303120357 0.05486725663716814
6 0.512630014858841 0.4469026548672566 0.0475482912332838 0.0584070796460177
1 0.43833580980683506 0.6424778761061947 0.05646359583952452 0.06371681415929203
7 0.663447251114413 0.44601769911504424 0.03714710252600297 0.06017699115044248
6 0.5052005943536404 0.6442477876106195 0.0475482912332838 0.05663716814159292
2 0.4457652303120357 0.4469026548672566 0.03863298662704309 0.061946902654867256
6 0.6329866270430906 0.6345132743362832 0.029717682020802376 0.033628318584070796
7 0.6666864784546805 0.7913451327433628 0.03988112927191684 0.07545132743362831
7 0.7562407132243685 0.6455575221238938 0.042228826151560116 0.06148672566371683
7 0.7808766716196136 0.574283185840708 0.046136701337295624 0.06985840707964606
7 0.7765676077265973 0.7065663716814159 0.040668647845467976 0.06614159292035399
5 0.8199702823179792 0.6436814159292036 0.05864784546805353 0.06893805309734521
0 0.2920950965824666 0.6450796460176992 0.05708766716196139 0.06240707964601768
2 0.33549777117384844 0.572424778761062 0.0422288261515602 0.06240707964601768
2 0.3323625557206538 0.7093628318584071 0.037533432392273386 0.060548672566371746
2 0.35699851411589895 0.6427610619469027 0.04457652303120357 0.057752212389380525
7 0.6580832095096583 0.6590619469026548 0.03676077265973256 0.06240707964601768