1 0.45137976346911957 0.4810756972111554 0.040735873850197106 0.061752988047808766
6 0.7746386333771353 0.5318725099601593 0.04336399474375821 0.07171314741035857
6 0.7325886990801577 0.6055776892430279 0.03810775295663601 0.06772908366533864
6 0.7582128777923784 0.5856573705179283 0.03942181340341656 0.05976095617529881
1 0.4592641261498029 0.601593625498008 0.03810775295663601 0.05976095617529881
1 0.4835742444152431 0.6085657370517928 0.03942181340341656 0.061752988047808766
6 0.7805519053876478 0.5896414342629482 0.03153745072273324 0.05976095617529881
2 0.511826544021025 0.38247011952191234 0.035479632063074903 0.07171314741035857
7 0.7056504599211564 0.38247011952191234 0.03679369250985545 0.07171314741035857
6 0.7339027595269383 0.6155378486055777 0.030223390275952694 0.043824701195219126
0 0.3764783180026281 0.602589641434263 0.045992115637319315 0.06573705179282868
2 0.41130091984231276 0.5249003984063745 0.03153745072273324 0.0697211155378486
2 0.41064388961892245 0.6743027888446215 0.03810775295663601 0.06573705179282868
5 0.842969776609724 0.602589641434263 0.045992115637319315 0.06573705179282868
2 0.4283837056504599 0.603585657370518 0.03679369250985545 0.06772908366533864
7 0.6977660972404731 0.6215139442231076 0.03416557161629435 0.06772908366533864
7 0.7073981603153746 0.7716733067729084 0.04067017082785814 0.07494023904382471
7 0.805952693823916 0.6739641434262947 0.035045992115637414 0.07304780876494016
7 0.8075164257555847 0.5255179282868526 0.03566360052562431 0.06830677290836652
2 0.5127989487516426 0.7735657370517928 0.03942181340341656 0.07683266932270927
2 0.5209329829172142 0.6232270916334661 0.04067017082785814 0.06830677290836647