1 0.7209119496855346 0.5396825396825397 0.04559748427672956 0.04938271604938271
1 0.7460691823899371 0.46825396825396826 0.04874213836477988 0.0582010582010582
1 0.5731132075471698 0.6049382716049383 0.04874213836477988 0.05291005291005291
1 0.7358490566037735 0.5026455026455027 0.04716981132075472 0.04938271604938271
0 0.2838050314465409 0.47707231040564374 0.05817610062893082 0.0582010582010582
1 0.710691823899371 0.5 0.03459119496855346 0.04409171075837742
2 0.31525157232704404 0.3959435626102293 0.03930817610062893 0.06172839506172839
2 0.34040880503144655 0.47883597883597884 0.04245283018867924 0.06172839506172839
2 0.29638364779874216 0.5502645502645502 0.04245283018867924 0.059964726631393295
2 0.43553459119496857 0.3941798941798942 0.040880503144654086 0.06172839506172839
2 0.4378930817610063 0.527336860670194 0.04245283018867924 0.06349206349206349