6 0.5885225885225885 0.6540816326530612 0.05616605616605617 0.044897959183673466
1 0.5354090354090354 0.5035714285714286 0.052503052503052504 0.04387755102040816
6 0.5067155067155067 0.6785714285714286 0.05860805860805861 0.04897959183673469
1 0.42796092796092794 0.6586734693877551 0.052503052503052504 0.04591836734693878
5 0.8760683760683761 0.43673469387755104 0.06715506715506715 0.04897959183673469
7 0.8388278388278388 0.5051020408163265 0.05128205128205128 0.05510204081632653
7 0.6599511599511599 0.5 0.047619047619047616 0.05102040816326531
7 0.7893772893772893 0.44285714285714284 0.054945054945054944 0.05918367346938776
2 0.405982905982906 0.498469387755102 0.047619047619047616 0.05408163265306123
7 0.673992673992674 0.6515306122448979 0.04395604395604396 0.05204081632653061
2 0.3974358974358974 0.3122448979591837 0.047619047619047616 0.053061224489795916
2 0.22283272283272285 0.5056122448979592 0.054945054945054944 0.05408163265306123
7 0.8363858363858364 0.37244897959183676 0.0463980463980464 0.053061224489795916
2 0.3907203907203907 0.6525510204081633 0.0463980463980464 0.05204081632653061
2 0.27472527472527475 0.4433673469387755 0.06105006105006105 0.06020408163265306
2 0.22437118437118436 0.3736122448979592 0.04555555555555556 0.05357142857142857
0 0.18556776556776555 0.43529591836734693 0.07253968253968256 0.059918367346938804