5 0.8167587476979742 0.4394736842105263 0.06813996316758748 0.08421052631578947
7 0.7504604051565378 0.4421052631578947 0.04604051565377532 0.08947368421052632
7 0.7799263351749539 0.3171052631578947 0.04604051565377532 0.09210526315789473
2 0.427255985267035 0.7315789473684211 0.04788213627992634 0.08947368421052632
7 0.8020257826887661 0.5473684210526316 0.04604051565377532 0.08947368421052632
7 0.6390423572744015 0.5118421052631579 0.04788213627992634 0.09210526315789473
7 0.6427255985267035 0.3144736842105263 0.04788213627992634 0.09210526315789473
2 0.26151012891344383 0.5473684210526316 0.04788213627992634 0.08947368421052632
2 0.4263351749539595 0.5118421052631579 0.04604051565377532 0.09210526315789473
7 0.6353591160220995 0.7315789473684211 0.04788213627992634 0.08947368421052632
2 0.42357274401473294 0.3144736842105263 0.04788213627992634 0.09210526315789473
0 0.24677716390423574 0.4381578947368421 0.06998158379373849 0.0868421052631579
2 0.31215469613259667 0.44342105263157894 0.04604051565377532 0.09210526315789473
2 0.283609576427256 0.3171052631578947 0.04788213627992634 0.09210526315789473
6 0.5276243093922652 0.5631578947368421 0.053406998158379376 0.07368421052631578
1 0.4889502762430939 0.5078947368421053 0.053406998158379376 0.07894736842105263
6 0.4920994475138121 0.5547105263157894 0.053406998158379376 0.07368421052631578
1 0.5356537753222836 0.7287631578947369 0.053406998158379376 0.07894736842105263