6 0.6961240310077519 0.5291970802919708 0.05271317829457364 0.06934306569343066
7 0.762015503875969 0.5711678832116789 0.03875968992248062 0.06204379562043796
1 0.6503875968992248 0.4936131386861314 0.05116279069767442 0.05656934306569343
6 0.6992248062015504 0.4726277372262774 0.05581395348837209 0.05474452554744526
7 0.7434108527131783 0.4114963503649635 0.03875968992248062 0.06386861313868614
5 0.7744186046511627 0.4954379562043796 0.05426356589147287 0.060218978102189784
2 0.4434108527131783 0.40875912408759124 0.040310077519379844 0.06569343065693431
2 0.3248062015503876 0.4114963503649635 0.04186046511627907 0.06386861313868614
2 0.3496124031007752 0.4981751824817518 0.04186046511627907 0.06569343065693431
2 0.44651162790697674 0.5465328467153284 0.040310077519379844 0.06386861313868614
2 0.3062015503875969 0.5702554744525548 0.04186046511627907 0.06386861313868614
0 0.2937984496124031 0.4954379562043796 0.05736434108527132 0.060218978102189784
6 0.6612403100775194 0.5301094890510949 0.03565891472868217 0.041970802919708027