1 0.4858156028368794 0.24379232505643342 0.05200945626477541 0.04966139954853273
6 0.5591016548463357 0.595372460496614 0.04964539007092199 0.050790067720090294
1 0.4858156028368794 0.4853273137697517 0.05200945626477541 0.05191873589164785
6 0.5774231678486997 0.4463882618510158 0.05319148936170213 0.050790067720090294
1 0.4450354609929078 0.6258465011286681 0.05555555555555555 0.07336343115124154
6 0.5478723404255319 0.6444695259593679 0.05319148936170213 0.05191873589164785
2 0.40011820330969267 0.45372460496614 0.04373522458628842 0.05869074492099323
5 0.8540189125295509 0.38487584650112866 0.06501182033096926 0.05417607223476298
6 0.514775413711584 0.6388261851015802 0.0508274231678487 0.04740406320541761
2 0.2653664302600473 0.3871331828442438 0.04609929078014184 0.05869074492099323
2 0.21926713947990545 0.45936794582392776 0.04609929078014184 0.05869074492099323
2 0.22340425531914893 0.314334085778781 0.04491725768321513 0.05981941309255079
7 0.8203309692671394 0.4604966139954853 0.04491725768321513 0.05869074492099323
7 0.7736406619385343 0.38656884875846503 0.04373522458628842 0.05981941309255079
7 0.6459810874704491 0.45428893905191875 0.04609929078014184 0.05981941309255079
2 0.38475177304964536 0.6224604966139955 0.04609929078014184 0.05981941309255079
7 0.8156028368794326 0.3154627539503386 0.04491725768321513 0.05981941309255079
7 0.6483451536643026 0.24830699774266365 0.04373522458628842 0.05869074492099323
2 0.39066193853427894 0.24830699774266365 0.04609929078014184 0.05869074492099323
0 0.18557919621749408 0.3843115124153499 0.06619385342789598 0.05304740406320542