1 0.63671875 0.616139534883721 0.0639583333333334 0.07206976744186049
2 0.7753993055555556 0.4859767441860465 0.04321180555555553 0.08302325581395346
2 0.8051736111111111 0.34895348837209306 0.04453124999999996 0.08446511627906975
7 0.23034722222222223 0.6233255813953488 0.04428819444444443 0.08032558139534882
0 0.8505902777777777 0.46602325581395343 0.06256944444444439 0.07816279069767446
2 0.6640625 0.762 0.04256944444444441 0.0793023255813954
2 0.8300868055555556 0.5752558139534883 0.04352430555555564 0.08274418604651165
5 0.18493055555555554 0.5075581395348837 0.05953124999999999 0.07023255813953486
7 0.20557291666666666 0.3966976744186047 0.043281250000000014 0.07827906976744192
2 0.6411111111111111 0.46667441860465114 0.055208333333333255 0.0940232558139535
7 0.37621527777777775 0.2017906976744186 0.04477430555555559 0.08469767441860462
2 0.7763715277777777 0.4591627906976744 0.03442708333333341 0.025953488372093082
2 0.6635763888888889 0.7384418604651162 0.033020833333333305 0.02874418604651166
2 0.8056597222222223 0.32032558139534884 0.03430555555555554 0.026976744186046564
5 0.22901041666666666 0.596186046511628 0.031684027777777776 0.024186046511627854
7 0.2600173611111111 0.486953488372093 0.04256944444444441 0.08020930232558142
2 0.20508680555555556 0.37053488372093024 0.03234374999999999 0.023627906976744245
2 0.6284201388888889 0.3917906976744186 0.025416666666666643 0.04358139534883723