1 0.38996763754045305 0.7291666666666666 0.04638619201725998 0.05779569892473118
1 0.3888888888888889 0.7829301075268817 0.04638619201725998 0.06048387096774194
1 0.3522114347357066 0.8259408602150538 0.04638619201725998 0.05779569892473118
1 0.3505933117583603 0.7923387096774194 0.040992448759439054 0.05779569892473118
6 0.42880258899676377 0.7405913978494624 0.039913700107874865 0.04838709677419355
6 0.47249190938511326 0.6297043010752689 0.04962243797195254 0.05779569892473118
2 0.418554476806904 0.5013440860215054 0.040992448759439054 0.07258064516129033
0 0.2599784250269687 0.6875 0.06256742179072276 0.06854838709677419
2 0.30551240560949294 0.612513440860215 0.04854368932038835 0.07104838709677422
2 0.31977346278317154 0.7608467741935484 0.043149946062567425 0.07200268817204293
7 0.6526429341963322 0.8294892473118279 0.04777777777777774 0.07104838709677407
7 0.7636030204962244 0.7291666666666666 0.043149946062567425 0.07776881720430094
7 0.7512729234088457 0.5745967741935484 0.046235167206040886 0.06815860215053768
7 0.6299137001078748 0.4896370967741936 0.04854368932038835 0.07104838709677422
5 0.8063646170442287 0.6513978494623656 0.06087378640776706 0.0739247311827957
1 0.4488349514563107 0.6638844086021506 0.05317152103559867 0.06240591397849456