1 0.4918032786885246 0.3545966228893058 0.04918032786885246 0.08630393996247655
6 0.5017564402810304 0.4549718574108818 0.05503512880562061 0.08442776735459662
7 0.7318501170960188 0.4268292682926829 0.0468384074941452 0.09568480300187618
6 0.46662763466042156 0.8536585365853658 0.05035128805620609 0.0825515947467167
7 0.6012880562060889 0.3067542213883677 0.04566744730679157 0.09943714821763602
6 0.5234192037470726 0.8348968105065666 0.0468384074941452 0.075046904315197
7 0.7482435597189696 0.6378986866791745 0.04449648711943794 0.0975609756097561
5 0.7950819672131147 0.5347091932457786 0.06557377049180328 0.09380863039399624
6 0.46252927400468385 0.7607879924953096 0.04918032786885246 0.08067542213883677
6 0.4994145199063232 0.7795497185741088 0.05035128805620609 0.08067542213883677
2 0.3700234192037471 0.325515947467167 0.04449648711943794 0.09943714821763602
6 0.45140515222482436 0.8133208255159474 0.04332552693208431 0.08442776735459662
2 0.24707259953161592 0.4699812382739212 0.04449648711943794 0.09568480300187618
2 0.26346604215456676 0.6810506566604128 0.0468384074941452 0.0975609756097561
2 0.39344262295081966 0.8020637898686679 0.04449648711943794 0.09568480300187618
0 0.20052693208430913 0.5877110694183865 0.07318501170960187 0.1022514071294559
7 0.6273419203747073 0.7865853658536586 0.057962529274004686 0.10787992495309569