6 0.5589285714285714 0.5460992907801419 0.05119047619047619 0.054373522458628844
1 0.45654761904761904 0.4013002364066194 0.055952380952380955 0.05319148936170213
1 0.2785714285714286 0.7322695035460993 0.05238095238095238 0.05319148936170213
6 0.5321428571428571 0.8682033096926713 0.05238095238095238 0.05319148936170213
1 0.5327380952380952 0.6690307328605201 0.055952380952380955 0.04728132387706856
1 0.513095238095238 0.6483451536643026 0.05 0.0508274231678487
1 0.5458333333333333 0.6388888888888888 0.04404761904761905 0.04373522458628842
2 0.38333333333333336 0.42671394799054374 0.04523809523809524 0.061465721040189124
5 0.8505952380952381 0.5691489361702128 0.06785714285714285 0.05555555555555555
2 0.2577380952380952 0.5732860520094563 0.04880952380952381 0.061465721040189124
4 0.24633333333333332 0.7060401891252954 0.05311904761904762 0.0518321513002363
7 0.7701428571428571 0.5723758865248227 0.054940476190476296 0.07183215130023639
7 0.6396547619047619 0.6446572104018913 0.048535714285714265 0.06910165484633574
7 0.8159285714285714 0.49645390070921985 0.05677380952380959 0.06910165484633574
7 0.8163928571428571 0.6505673758865248 0.04303571428571439 0.07183215130023639
2 0.21703571428571428 0.4960047281323877 0.04945238095238098 0.06637115839243496
2 0.21383333333333335 0.6473877068557921 0.044869047619047614 0.06910165484633574
0 0.17720238095238094 0.5705555555555556 0.07417857142857143 0.06637115839243496
7 0.6538452380952381 0.8246926713947991 0.06410714285714275 0.07092198581560284