6 0.4659090909090909 0.2536806342015855 0.05143540669856459 0.04983012457531144
6 0.4407894736842105 0.32842582106455265 0.05143540669856459 0.04983012457531144
1 0.4300239234449761 0.43431483578708946 0.05143540669856459 0.04869762174405436
1 0.48504784688995217 0.4813137032842582 0.05382775119617225 0.04756511891279728
1 0.4001196172248804 0.33748584371460927 0.05143540669856459 0.05436013590033975
1 0.4007177033492823 0.5486976217440543 0.050239234449760764 0.05096262740656852
1 0.458133971291866 0.4575311438278596 0.05263157894736842 0.04756511891279728
6 0.6058612440191388 0.5396375990939978 0.056220095693779906 0.05096262740656852
6 0.5657894736842105 0.5911664779161948 0.05263157894736842 0.04756511891279728
7 0.8139952153110048 0.4637599093997735 0.04665071770334928 0.06002265005662514
6 0.5807416267942583 0.5328425821064553 0.04425837320574163 0.04869762174405436
7 0.7673444976076556 0.39071347678369195 0.04665071770334928 0.061155152887882216
7 0.8098086124401914 0.318233295583239 0.045454545454545456 0.05889014722536806
7 0.6423444976076556 0.24971687429218573 0.04784688995215311 0.06002265005662514
7 0.6357655502392344 0.4563986409966025 0.04665071770334928 0.05889014722536806
2 0.37799043062200954 0.2491506228765572 0.050239234449760764 0.05889014722536806
2 0.2535885167464115 0.3895809739524349 0.045454545454545456 0.05889014722536806
5 0.8486842105263158 0.3873159682899207 0.06578947368421052 0.056625141562853906
2 0.20574162679425836 0.4626274065685164 0.045454545454545456 0.057757644394110984
2 0.21052631578947367 0.31653454133635334 0.045454545454545456 0.057757644394110984
2 0.388755980861244 0.45583238958097394 0.045454545454545456 0.06002265005662514
0 0.17165071770334928 0.38618346545866367 0.06818181818181818 0.056625141562853906
2 0.375 0.6268403171007928 0.04425837320574163 0.06002265005662514
7 0.6495215311004785 0.6274065685164213 0.04066985645933014 0.05889014722536806
6 0.5645933014354066 0.6075877689694225 0.03588516746411483 0.026047565118912798