6 0.7001582278481012 0.47692307692307695 0.03955696202531646 0.07032967032967033
5 0.7602848101265823 0.3516483516483517 0.058544303797468354 0.07032967032967033
7 0.7278481012658228 0.24945054945054945 0.04113924050632911 0.07692307692307693
2 0.4224683544303797 0.24835164835164836 0.04113924050632911 0.07912087912087912
2 0.42563291139240506 0.41208791208791207 0.04113924050632911 0.07692307692307693
6 0.5981012658227848 0.4747252747252747 0.04113924050632911 0.07032967032967033
7 0.747626582278481 0.44175824175824174 0.03955696202531646 0.07472527472527472
2 0.28322784810126583 0.4351648351648352 0.04113924050632911 0.09230769230769231
2 0.3014240506329114 0.25054945054945055 0.04272151898734177 0.07912087912087912
0 0.27531645569620256 0.34835164835164834 0.06962025316455696 0.07692307692307693
2 0.3259493670886076 0.35274725274725277 0.04430379746835443 0.08131868131868132