1 0.3849144634525661 0.5576208178438662 0.04821150855365474 0.055762081784386616
1 0.4867807153965785 0.508364312267658 0.05287713841368585 0.0687732342007435
1 0.42923794712286156 0.45539033457249073 0.04665629860031104 0.06319702602230483
7 0.7620528771384136 0.5241635687732342 0.04043545878693624 0.06319702602230483
7 0.6220839813374806 0.654275092936803 0.04043545878693624 0.06319702602230483
7 0.7192846034214619 0.44981412639405205 0.038880248833592534 0.06319702602230483
7 0.6244167962674961 0.49907063197026025 0.038880248833592534 0.06505576208178439
7 0.7441679626749611 0.36152416356877326 0.038880248833592534 0.06505576208178439
5 0.776049766718507 0.44702602230483274 0.05287713841368585 0.06133828996282528
2 0.4432348367029549 0.3596654275092937 0.04043545878693624 0.06505576208178439
2 0.32426127527216175 0.36152416356877326 0.038880248833592534 0.06505576208178439
0 0.2931570762052877 0.44702602230483274 0.05754276827371695 0.06133828996282528
2 0.34914463452566097 0.44888475836431224 0.038880248833592534 0.06505576208178439
2 0.30637636080870917 0.5232342007434945 0.04043545878693624 0.06505576208178439
7 0.6283048211508554 0.3587360594795539 0.03732503888024884 0.06319702602230483
2 0.4432348367029549 0.5009293680297398 0.03421461897356143 0.06133828996282528
6 0.5163297045101088 0.5650557620817844 0.04043545878693624 0.05204460966542751
6 0.4813374805598756 0.570631970260223 0.05132192846034215 0.06691449814126393