6 0.8884892086330936 0.3814541622760801 0.05275779376498801 0.06111696522655427
1 0.48501199040767384 0.5100105374077977 0.05155875299760192 0.04847207586933614
1 0.3980815347721823 0.6222339304531085 0.05755395683453238 0.04952581664910432
6 0.500599520383693 0.6475237091675448 0.05635491606714628 0.05584826132771338
6 0.5191846522781774 0.7175974710221286 0.05515587529976019 0.0547945205479452
7 0.8201438848920863 0.3519494204425711 0.045563549160671464 0.0547945205479452
7 0.7775779376498801 0.42096944151738674 0.04436450839328537 0.05584826132771338
2 0.39748201438848924 0.48261327713382507 0.049160671462829736 0.0547945205479452
2 0.2146282973621103 0.48840885142255 0.047961630695443645 0.05374077976817703
2 0.26258992805755393 0.4204425711275026 0.045563549160671464 0.0547945205479452
7 0.6480815347721822 0.48366701791359323 0.046762589928057555 0.05268703898840885
2 0.21942446043165467 0.3519494204425711 0.047961630695443645 0.0547945205479452
2 0.38848920863309355 0.2903055848261328 0.045563549160671464 0.05584826132771338
0 0.17985611510791366 0.4172813487881981 0.0671462829736211 0.05268703898840885
7 0.8243405275779376 0.48946259220231825 0.046762589928057555 0.05374077976817703
7 0.6594724220623501 0.6417281348788199 0.047961630695443645 0.05690200210748156