7 0.21993127147766323 0.45465393794749404 0.041237113402061855 0.08353221957040573
1 0.8552061855670103 0.48374701670644393 0.05115120274914086 0.0748926014319809
1 0.7170962199312715 0.55618138424821 0.06013745704467354 0.08353221957040573
7 0.3599656357388316 0.3031026252983294 0.0429553264604811 0.081145584725537
5 0.16838487972508592 0.5704057279236276 0.061855670103092786 0.07637231503579953
2 0.618659793814433 0.30417661097852033 0.044347079037800594 0.08546539379474945
2 0.6123024054982819 0.7976133651551313 0.04395189003436433 0.08181384248210018
2 0.7582989690721649 0.456109785202864 0.04247422680412376 0.08362768496420053
2 0.6118213058419244 0.582601431980907 0.04451890034364256 0.08498806682577568
2 0.7983333333333333 0.6877326968973747 0.043127147766323065 0.08241050119331736
0 0.8056701030927834 0.574128878281623 0.06231958762886595 0.07295942720763722
2 0.7348625429553265 0.5656563245823388 0.04427835051546389 0.08300715990453454
7 0.367766323024055 0.58381861575179 0.05616838487972508 0.10097852028639612
7 0.24484536082474226 0.5659188544152745 0.06013745704467354 0.0945584725536993
7 0.18438144329896908 0.6875417661097851 0.07269759450171821 0.09914081145584717
7 0.3690893470790378 0.7981384248210024 0.06146048109965633 0.10004773269689728
1 0.8743642611683848 0.5103579952267303 0.05115120274914086 0.0748926014319809