1 0.3151010701545779 0.513215859030837 0.04994054696789536 0.06607929515418502
1 0.28299643281807374 0.38179148311306904 0.052318668252080855 0.06754772393538913
1 0.3644470868014269 0.5477239353891337 0.05112960760998811 0.06754772393538913
6 0.43816884661117717 0.5279001468428781 0.0535077288941736 0.07782672540381791
1 0.36682520808561236 0.711453744493392 0.05112960760998811 0.06607929515418502
1 0.32045184304399527 0.631424375917768 0.04875148632580262 0.06461086637298091
1 0.40190249702734837 0.5381791483113069 0.0356718192627824 0.0631424375917768
2 0.25862068965517243 0.4845814977973568 0.04399524375743163 0.0763582966226138
6 0.4625445897740785 0.5954478707782672 0.04994054696789536 0.06607929515418502
0 0.17776456599286564 0.48091042584434657 0.06777645659928656 0.07195301027900147
2 0.21581450653983353 0.38839941262848754 0.04637336504161712 0.07782672540381791
5 0.8513674197384067 0.48091042584434657 0.06420927467300833 0.07195301027900147
2 0.2116527942925089 0.580029368575624 0.04756242568370987 0.0763582966226138
2 0.9851367419738407 0.4104258443465492 0.027348394768133173 0.07488986784140969
7 0.7710344827586207 0.48274596182085167 0.04831153388822843 0.08076358296622614
7 0.8145065398335315 0.3909691629955947 0.044589774078478 0.08076358296622614