6 0.8325092707045736 0.35436893203883496 0.05562422744128554 0.08737864077669903
6 0.6847960444993819 0.41262135922330095 0.0519159456118665 0.07961165048543689
6 0.8065512978986403 0.329126213592233 0.05067985166872682 0.09902912621359224
1 0.26823238566131025 0.45728155339805826 0.054388133498145856 0.08349514563106795
2 0.37021013597033375 0.5097087378640777 0.048207663782447466 0.1029126213592233
6 0.6520395550061805 0.44854368932038835 0.05562422744128554 0.0854368932038835
2 0.2027194066749073 0.5475728155339806 0.04697156983930779 0.10097087378640776
7 0.7472187886279357 0.5485436893203883 0.048207663782447466 0.09902912621359224
2 0.3695920889987639 0.7514563106796116 0.04697156983930779 0.0970873786407767
2 0.3665018541409147 0.2912621359223301 0.048207663782447466 0.10097087378640776
7 0.5834363411619283 0.5106796116504855 0.04697156983930779 0.10097087378640776
7 0.7255871446229913 0.29320388349514565 0.04697156983930779 0.10097087378640776
5 0.7620519159456118 0.42718446601941745 0.06798516687268233 0.09320388349514563
7 0.5871446229913473 0.2912621359223301 0.04697156983930779 0.10097087378640776
1 0.1365883807169345 0.35436893203883496 0.048207663782447466 0.08349514563106795
2 0.22620519159456118 0.2941747572815534 0.04449938195302843 0.1029126213592233
7 0.5803461063040791 0.7533980582524272 0.048207663782447466 0.0970873786407767
1 0.17799752781211373 0.36893203883495146 0.059332509270704575 0.08932038834951456