1 0.5227272727272727 0.6021276595744681 0.045454545454545456 0.06382978723404255
5 0.7648902821316614 0.37872340425531914 0.05642633228840126 0.06808510638297872
2 0.29231974921630094 0.46595744680851064 0.04231974921630094 0.07234042553191489
2 0.4341692789968652 0.4372340425531915 0.04075235109717868 0.07446808510638298
2 0.43103448275862066 0.2776595744680851 0.04075235109717868 0.07446808510638298
7 0.7523510971786834 0.46595744680851064 0.04075235109717868 0.07234042553191489
2 0.311128526645768 0.2797872340425532 0.04231974921630094 0.07446808510638298
7 0.6183385579937304 0.2776595744680851 0.03918495297805643 0.07446808510638298
7 0.6136363636363636 0.43829787234042555 0.03918495297805643 0.07234042553191489
7 0.7092476489028213 0.3819148936170213 0.03918495297805643 0.07446808510638298
7 0.6112852664576802 0.6148936170212767 0.04075235109717868 0.07234042553191489
0 0.2797805642633229 0.37659574468085105 0.05799373040752351 0.06808510638297872
7 0.7343260188087775 0.2797872340425532 0.03918495297805643 0.07446808510638298
2 0.33620689655172414 0.3797872340425532 0.03918495297805643 0.07446808510638298
2 0.4341692789968652 0.6148936170212767 0.04075235109717868 0.07234042553191489
1 0.5344827586206896 0.30531914893617024 0.05329153605015674 0.06595744680851064
1 0.5540752351097179 0.2957446808510638 0.03918495297805643 0.07234042553191489