6 0.6928223844282239 0.7169540229885057 0.057177615571776155 0.06321839080459771
1 0.5498783454987834 0.34195402298850575 0.05596107055961071 0.06321839080459771
1 0.5948905109489051 0.38721264367816094 0.0535279805352798 0.06465517241379311
6 0.639294403892944 0.4389367816091954 0.049878345498783457 0.06465517241379311
1 0.3765206812652068 0.33979885057471265 0.057177615571776155 0.07327586206896551
6 0.5760340632603407 0.29669540229885055 0.052311435523114354 0.0617816091954023
6 0.6648418491484185 0.34339080459770116 0.052311435523114354 0.0603448275862069
6 0.635036496350365 0.34339080459770116 0.043795620437956206 0.06321839080459771
1 0.36313868613138683 0.39080459770114945 0.06204379562043796 0.06321839080459771
2 0.25364963503649635 0.48204022988505746 0.06204379562043796 0.08764367816091954
0 0.16605839416058393 0.47198275862068967 0.06934306569343066 0.07040229885057471
2 0.2037712895377129 0.5689655172413793 0.05474452554744526 0.07471264367816093
2 0.21289537712895376 0.38721264367816094 0.06569343065693431 0.08764367816091954
5 0.8546228710462287 0.47126436781609193 0.06934306569343066 0.06896551724137931
7 0.8167031630170317 0.3826580459770115 0.043795620437956206 0.08333333333333333
7 0.7725060827250608 0.47748563218390805 0.05757907542579067 0.08524425287356328