6 0.5465801886792453 0.641875 0.05070754716981132 0.05625
6 0.4722877358490566 0.660625 0.05070754716981132 0.05875
1 0.3803066037735849 0.766875 0.05306603773584906 0.05375
1 0.36674528301886794 0.715625 0.049528301886792456 0.05375
1 0.39740566037735847 0.6425 0.0589622641509434 0.0625
1 0.4068396226415094 0.68875 0.04716981132075472 0.0475
2 0.39858490566037735 0.480625 0.04481132075471698 0.06625
2 0.2267806603773585 0.7177875 0.05261792452830189 0.07211250000000007
2 0.2295047169811321 0.5548125 0.04716981132075472 0.07307500000000004
2 0.27712264150943394 0.633175 0.04807783018867923 0.068275
0 0.1986556603773585 0.6322125 0.07982311320754716 0.07018750000000004
4 0.26577830188679247 0.7951874999999999 0.05623820754716981 0.06346249999999998
7 0.7846462264150943 0.6375 0.05261792452830176 0.07115000000000002
7 0.8250235849056604 0.555775 0.04262971698113218 0.069225
7 0.8300117924528302 0.7201875 0.054422169811320864 0.07115000000000009
7 0.6558372641509433 0.70625 0.05805424528301889 0.07018750000000011
7 0.6658254716981132 0.9028875 0.054422169811320864 0.0788499999999999
5 0.8635731132075471 0.6322125 0.07257075471698109 0.07403750000000002