1 0.8619702176403208 0.6167127071823204 0.049255441008018326 0.05939226519337017
1 0.8911798396334479 0.6284530386740331 0.041237113402061855 0.055248618784530384
1 0.8447880870561283 0.5794198895027625 0.035509736540664374 0.05110497237569061
6 0.8791523482245132 0.5600828729281768 0.044673539518900345 0.05386740331491713
1 0.8797250859106529 0.5725138121546961 0.032073310423825885 0.034530386740331494
7 0.7955326460481099 0.5994475138121547 0.044673539518900345 0.0718232044198895
7 0.8361970217640321 0.513121546961326 0.043528064146620846 0.07044198895027624
6 0.8785796105383734 0.5524861878453039 0.03436426116838488 0.03314917127071823
2 0.30126002290950743 0.6042817679558011 0.048109965635738834 0.0787292817679558
2 0.2588774341351661 0.689682320441989 0.05192439862542954 0.08103591160220988
2 0.2634593356242841 0.5128867403314917 0.05650630011454752 0.08470994475138127
0 0.22986254295532646 0.5957596685082873 0.07636884306987402 0.08287292817679558