6 0.6347634763476347 0.41089108910891087 0.0462046204620462 0.06930693069306931
6 0.5715071507150715 0.8184818481848185 0.04950495049504951 0.07590759075907591
6 0.7024202420242024 0.4414191419141914 0.047304730473047306 0.07425742574257425
6 0.5533553355335533 0.3316831683168317 0.0462046204620462 0.07260726072607261
1 0.5181518151815182 0.4273927392739274 0.0462046204620462 0.07260726072607261
6 0.5946094609460946 0.3547854785478548 0.04950495049504951 0.07590759075907591
1 0.23377337733773376 0.5610561056105611 0.045104510451045104 0.06930693069306931
1 0.528052805280528 0.3886138613861386 0.050605060506050605 0.07425742574257425
1 0.5099009900990099 0.37541254125412543 0.045104510451045104 0.07095709570957096
2 0.40319031903190317 0.4042904290429043 0.0429042904290429 0.11551155115511551
2 0.2876787678767877 0.5198019801980198 0.0429042904290429 0.0858085808580858
0 0.2403740374037404 0.6245874587458746 0.06050605060506051 0.07095709570957096
2 0.30198019801980197 0.7054455445544554 0.0429042904290429 0.08415841584158416
2 0.4196919691969197 0.8110561056105611 0.0539053905390539 0.08745874587458746
5 0.8014301430143014 0.5759075907590759 0.0627062706270627 0.08250825082508251
6 0.5951595159515951 0.3688118811881188 0.039603960396039604 0.04785478547854786
7 0.7441034103410341 0.4835973597359736 0.04706270627062703 0.0889273927392739
7 0.7581628162816281 0.6683168316831684 0.04462046204620456 0.0916831683168316
7 0.6454015401540154 0.7957425742574258 0.04400440044004401 0.08250825082508251