1 0.13620283018867924 0.49836779107725787 0.055424528301886794 0.05005440696409141
1 0.5866745283018868 0.7883569096844396 0.055424528301886794 0.04896626768226333
1 0.6426886792452831 0.6322089227421109 0.05188679245283019 0.06311207834602829
6 0.7193396226415094 0.5837867247007617 0.05188679245283019 0.04896626768226333
6 0.6662735849056604 0.6017410228509249 0.054245283018867926 0.056583242655059846
5 0.8661556603773585 0.5549510337323177 0.06485849056603774 0.05005440696409141
7 0.7859669811320755 0.558215451577802 0.045990566037735846 0.056583242655059846
0 0.19929245283018868 0.5544069640914037 0.0660377358490566 0.055495103373231776
7 0.8284198113207547 0.4880304678998912 0.045990566037735846 0.05767138193688792
2 0.23172169811320756 0.6289445048966268 0.045990566037735846 0.056583242655059846
7 0.8325471698113207 0.6273122959738846 0.04245283018867924 0.05984766050054407
2 0.27889150943396224 0.5576713819368879 0.045990566037735846 0.05767138193688792
2 0.23643867924528303 0.4880304678998912 0.045990566037735846 0.055495103373231776
2 0.40389150943396224 0.42274211099020675 0.04363207547169811 0.05767138193688792
7 0.6696344339622642 0.7863764961915125 0.04805424528301887 0.06690968443960828