1 0.5302806499261448 0.48073394495412847 0.04431314623338257 0.05504587155963303
1 0.5435745937961596 0.5862385321100917 0.04431314623338257 0.060550458715596334
1 0.5029542097488922 0.5311926605504587 0.04579025110782865 0.05688073394495413
1 0.43870014771048743 0.5486238532110091 0.050221565731166914 0.062385321100917435
2 0.33899556868537667 0.5293577981651376 0.03692762186115214 0.06422018348623854
5 0.7858197932053176 0.45504587155963305 0.053175775480059084 0.05871559633027523
7 0.7548005908419497 0.3697247706422018 0.03840472673559823 0.06422018348623854
7 0.6432791728212703 0.5073394495412844 0.03692762186115214 0.060550458715596334
7 0.7319054652880355 0.45688073394495415 0.03692762186115214 0.062385321100917435
7 0.7732644017725259 0.5293577981651376 0.03692762186115214 0.06422018348623854
2 0.4704579025110783 0.5055045871559632 0.0310192023633678 0.06422018348623854
2 0.3803545051698671 0.45688073394495415 0.03692762186115214 0.062385321100917435
2 0.46971935007385524 0.3678899082568807 0.03840472673559823 0.06422018348623854
2 0.3567208271787297 0.3706422018348624 0.03692762186115214 0.06605504587155964