1 0.5023148148148148 0.6124763705103969 0.044753086419753084 0.05671077504725898
1 0.4714506172839506 0.7022684310018904 0.044753086419753084 0.054820415879017016
1 0.5115740740740741 0.7608695652173914 0.044753086419753084 0.054820415879017016
1 0.6165123456790124 0.5434782608695652 0.047839506172839504 0.062381852551984876
1 0.46219135802469136 0.7646502835538752 0.044753086419753084 0.054820415879017016
6 0.5439814814814815 0.8856332703213611 0.047839506172839504 0.054820415879017016
6 0.5385802469135802 0.6030245746691871 0.043209876543209874 0.05671077504725898
6 0.5671296296296297 0.7069943289224953 0.041666666666666664 0.052930056710775046
6 0.6365740740740741 0.7514177693761814 0.044753086419753084 0.05103969754253308
2 0.4359567901234568 0.6379962192816635 0.038580246913580245 0.062381852551984876
6 0.5794753086419753 0.6928166351606805 0.038580246913580245 0.05103969754253308
2 0.33101851851851855 0.6238185255198487 0.038580246913580245 0.06427221172022685
2 0.42746913580246915 0.777882797731569 0.040123456790123455 0.0661625708884688
2 0.30941358024691357 0.5463137996219282 0.041666666666666664 0.06427221172022685
2 0.30864197530864196 0.6880907372400756 0.043209876543209874 0.06427221172022685
2 0.42824074074074076 0.4111531190926276 0.044753086419753084 0.0661625708884688
7 0.6554783950617284 0.4120982986767486 0.04089506172839506 0.07183364839319471
5 0.8140432098765432 0.6209829867674859 0.05709876543209876 0.062381852551984876
7 0.75 0.6247637051039697 0.037037037037037035 0.0661625708884688
7 0.7716049382716049 0.6890359168241966 0.040123456790123455 0.0661625708884688
7 0.7716049382716049 0.5472589792060492 0.040123456790123455 0.0661625708884688
6 0.5694444444444444 0.39697542533081287 0.043209876543209874 0.05671077504725898
6 0.5856481481481481 0.40831758034026466 0.043209876543209874 0.05671077504725898
7 0.654320987654321 0.7835538752362949 0.040123456790123455 0.0661625708884688
0 0.27044753086419754 0.6214555765595463 0.05941358024691358 0.07277882797731569