1 0.5652503793626708 0.45663265306122447 0.04400606980273141 0.05272108843537415
7 0.720030349013657 0.4965986394557823 0.0409711684370258 0.05782312925170068
7 0.7458270106221547 0.41581632653061223 0.03793626707132018 0.05952380952380952
7 0.7632776934749621 0.5637755102040817 0.036418816388467376 0.05952380952380952
2 0.45220030349013657 0.4141156462585034 0.03945371775417299 0.05952380952380952
2 0.3353566009104704 0.41581632653061223 0.03945371775417299 0.05952380952380952
2 0.3603945371775417 0.4957482993197279 0.03793626707132018 0.05952380952380952
2 0.4552352048558422 0.5425170068027211 0.03945371775417299 0.05782312925170068
2 0.3186646433990895 0.564625850340136 0.03945371775417299 0.061224489795918366
6 0.650227617602428 0.5153061224489796 0.05311077389984825 0.05782312925170068
5 0.7754172989377845 0.49404761904761907 0.054628224582701064 0.05612244897959184
6 0.7223065250379362 0.6062925170068028 0.048558421851289835 0.05272108843537415
0 0.30652503793626706 0.49489795918367346 0.054628224582701064 0.05782312925170068
1 0.6160849772382397 0.5340136054421769 0.042488619119878605 0.05782312925170068