1 0.5342384887839433 0.19553941908713693 0.053128689492325853 0.052904564315352696
1 0.4982290436835891 0.3698132780082988 0.05194805194805195 0.046680497925311204
6 0.5395513577331759 0.35269709543568467 0.05194805194805195 0.04771784232365145
1 0.5501770956316411 0.487551867219917 0.05430932703659976 0.04771784232365145
6 0.602125147579693 0.29304979253112035 0.05194805194805195 0.0487551867219917
1 0.512396694214876 0.3355809128630705 0.0448642266824085 0.03630705394190872
6 0.5425029515938606 0.43101659751037347 0.043683589138134596 0.038381742738589214
6 0.5407319952774499 0.4605809128630705 0.05194805194805195 0.035269709543568464
1 0.5974025974025974 0.2754149377593361 0.049586776859504134 0.032157676348547715
6 0.5590318772136954 0.41856846473029047 0.04132231404958678 0.04045643153526971
7 0.6646989374262101 0.3070539419087137 0.0448642266824085 0.05394190871369295
7 0.8347107438016529 0.5015560165975104 0.047225501770956316 0.054979253112033194
2 0.23553719008264462 0.5015560165975104 0.04604486422668241 0.054979253112033194
7 0.7898465171192444 0.4362033195020747 0.047225501770956316 0.054979253112033194
7 0.6605667060212514 0.49688796680497926 0.043683589138134596 0.05394190871369295
2 0.40613931523022434 0.30601659751037347 0.0448642266824085 0.05394190871369295
6 0.5395513577331759 0.40612033195020747 0.049586776859504134 0.0487551867219917
7 0.8317591499409681 0.36877593360995853 0.04604486422668241 0.054979253112033194
2 0.23907910271546634 0.3682572614107884 0.04604486422668241 0.05394190871369295
2 0.28040141676505315 0.4362033195020747 0.048406139315230225 0.052904564315352696
5 0.8695395513577332 0.4320539419087137 0.06729634002361275 0.0508298755186722
2 0.402491145218418 0.6521161825726141 0.045076741440377745 0.06129668049792523
0 0.20285714285714285 0.431441908713693 0.07513577331759148 0.06507261410788384
2 0.41537190082644626 0.4979253112033195 0.05580873671782761 0.05469917012448135