1 0.5400313971742543 0.48408239700374533 0.04709576138147567 0.05805243445692884
6 0.5447409733124019 0.5421348314606742 0.04081632653061224 0.05805243445692884
5 0.7708006279434851 0.47191011235955055 0.0565149136577708 0.0599250936329588
6 0.5078492935635793 0.5411985018726592 0.04552590266875981 0.056179775280898875
7 0.7582417582417582 0.547752808988764 0.04081632653061224 0.06554307116104868
7 0.7401883830455259 0.3848314606741573 0.03924646781789639 0.06554307116104868
2 0.29748822605965464 0.547752808988764 0.0423861852433281 0.06554307116104868
0 0.2857142857142857 0.47097378277153557 0.059654631083202514 0.06179775280898876
2 0.3414442700156986 0.4737827715355805 0.0423861852433281 0.06367041198501873
2 0.3163265306122449 0.3848314606741573 0.0423861852433281 0.06554307116104868
2 0.43956043956043955 0.5234082397003745 0.04395604395604396 0.06554307116104868
2 0.4434850863422292 0.38295880149812733 0.058084772370486655 0.06928838951310862
1 0.5023547880690737 0.5074906367041199 0.05337519623233909 0.06367041198501873