6 0.6020558002936858 0.5335144927536232 0.04698972099853157 0.059782608695652176
1 0.5572687224669604 0.5380434782608695 0.04552129221732746 0.06159420289855073
6 0.6160058737151248 0.3867753623188406 0.042584434654919234 0.05253623188405797
1 0.5653450807635829 0.5806159420289855 0.04698972099853157 0.05615942028985507
5 0.7767988252569751 0.4701086956521739 0.05286343612334802 0.059782608695652176
7 0.7481644640234949 0.3867753623188406 0.03671071953010279 0.06340579710144928
7 0.724669603524229 0.47282608695652173 0.03671071953010279 0.06159420289855073
1 0.5330396475770925 0.6413043478260869 0.04698972099853157 0.05434782608695652
1 0.5227606461086637 0.6730072463768116 0.04405286343612335 0.04891304347826087
7 0.7650513950073421 0.5452898550724637 0.0381791483113069 0.06159420289855073
2 0.35168869309838474 0.3867753623188406 0.039647577092511016 0.06340579710144928
7 0.6358296622613803 0.5217391304347826 0.032305433186490456 0.06159420289855073
2 0.3744493392070485 0.47282608695652173 0.0381791483113069 0.06159420289855073
2 0.46402349486049926 0.384963768115942 0.0381791483113069 0.06340579710144928
7 0.6328928046989721 0.6730072463768116 0.0381791483113069 0.06340579710144928
2 0.3340675477239354 0.5443840579710145 0.03671071953010279 0.06340579710144928
2 0.46622613803230545 0.5217391304347826 0.03671071953010279 0.06521739130434782
0 0.3274596182085169 0.4701086956521739 0.06461086637298091 0.059782608695652176
2 0.46622613803230545 0.6730072463768116 0.03671071953010279 0.059782608695652176