1 0.5053353658536586 0.5359778597785978 0.04420731707317073 0.05350553505535055
1 0.5396341463414634 0.4511070110701107 0.04573170731707317 0.05719557195571956
5 0.7660060975609756 0.45018450184501846 0.053353658536585365 0.05904059040590406
1 0.5152439024390244 0.6051660516605166 0.04573170731707317 0.055350553505535055
6 0.4336890243902439 0.5857933579335793 0.05030487804878049 0.05719557195571956
6 0.4535060975609756 0.6273062730627307 0.05030487804878049 0.05904059040590406
7 0.7347560975609756 0.3643911439114391 0.036585365853658534 0.06457564575645756
7 0.7111280487804879 0.45202952029520294 0.038109756097560975 0.06273062730627306
7 0.618140243902439 0.5009225092250923 0.038109756097560975 0.06457564575645756
7 0.7545731707317073 0.5249077490774908 0.036585365853658534 0.06457564575645756
2 0.3239329268292683 0.3643911439114391 0.038109756097560975 0.06457564575645756
7 0.6150914634146342 0.6549815498154982 0.041158536585365856 0.06273062730627306
2 0.4405487804878049 0.3625461254612546 0.039634146341463415 0.06457564575645756
2 0.3483231707317073 0.4511070110701107 0.038109756097560975 0.06457564575645756
2 0.30564024390243905 0.5249077490774908 0.038109756097560975 0.06457564575645756
0 0.2942073170731707 0.4492619926199262 0.057926829268292686 0.06088560885608856
2 0.4428353658536585 0.5018450184501845 0.04725609756097561 0.06642066420664207
1 0.47560975609756095 0.6448339483394834 0.04573170731707317 0.05350553505535055