2 0.6668476357267951 0.5995920889987639 0.032329246935201464 0.06226205191594562
2 0.6833450087565675 0.7336835599505562 0.031654991243432656 0.052719406674907404
2 0.6713397548161121 0.8741038318912238 0.030534150612959624 0.053312731767614474
0 0.5847810858143608 0.7260692212608159 0.041987740805604246 0.05652657601977753
2 0.8251401050788091 0.6024474660074166 0.033677758318739086 0.06796044499381955
2 0.8089754816112085 0.7336835599505562 0.028292469352013964 0.05379480840543879
1 0.7388091068301226 0.919592088998764 0.03479859894921192 0.04791100123609393
1 0.8464711033274955 0.8696662546353522 0.030534150612959624 0.04316440049443767
6 0.8474781085814361 0.7988257107540173 0.033905429071803876 0.04525339925834351
6 0.8352451838879159 0.8302101359703338 0.032329246935201464 0.044128553770086586
2 0.8188528896672504 0.8758467243510506 0.03188266199649745 0.059332509270704575
1 0.8143607705779334 0.7679233621755254 0.033677758318739086 0.04129789864029677
5 0.9039492119089316 0.7287639060568604 0.04310858143607707 0.060642768850432564