1 0.5439866369710468 0.41286307053941906 0.05011135857461024 0.05186721991701245
1 0.5384187082405345 0.26556016597510373 0.045657015590200446 0.04771784232365145
6 0.5902004454342984 0.5005186721991701 0.04899777282850779 0.046680497925311204
1 0.5757238307349666 0.279045643153527 0.04899777282850779 0.04979253112033195
6 0.589086859688196 0.5772821576763485 0.0467706013363029 0.046680497925311204
6 0.6018930957683741 0.47406639004149376 0.04788418708240535 0.043568464730290454
1 0.6119153674832962 0.2966804979253112 0.03897550111358575 0.04564315352697095
7 0.8307349665924276 0.5036307053941909 0.042316258351893093 0.054979253112033194
5 0.8641425389755011 0.4346473029045643 0.060133630289532294 0.04979253112033195
2 0.2655902004454343 0.5036307053941909 0.043429844097995544 0.054979253112033194
7 0.7873051224944321 0.43724066390041494 0.042316258351893093 0.052904564315352696
1 0.5734966592427617 0.31068464730290457 0.053452115812917596 0.044605809128630707
7 0.826837416481069 0.370850622406639 0.043429844097995544 0.054979253112033194
2 0.26893095768374164 0.36929460580912865 0.043429844097995544 0.05394190871369295
7 0.6681514476614699 0.49844398340248963 0.0467706013363029 0.052904564315352696
2 0.30902004454342985 0.4367219917012448 0.043429844097995544 0.05394190871369295
2 0.42706013363028955 0.3086099585062241 0.043429844097995544 0.054979253112033194
2 0.43374164810690424 0.4979253112033195 0.045657015590200446 0.05394190871369295
7 0.6703786191536748 0.3091286307053942 0.044543429844097995 0.05394190871369295
2 0.4226057906458797 0.6535269709543569 0.04120267260579064 0.056016597510373446
0 0.2344097995545657 0.4336099585062241 0.06347438752783964 0.04979253112033195
7 0.678173719376392 0.6530082987551867 0.0400890868596882 0.054979253112033194