6 0.5623441396508728 0.671559633027523 0.0399002493765586 0.05504587155963303
1 0.37531172069825436 0.6110091743119266 0.034912718204488775 0.05504587155963303
6 0.5180798004987531 0.6302752293577981 0.03366583541147132 0.05688073394495413
1 0.4975062344139651 0.6385321100917432 0.034912718204488775 0.05871559633027523
1 0.378428927680798 0.6128440366972477 0.018703241895261846 0.03302752293577982
1 0.44389027431421446 0.6431192660550459 0.034912718204488775 0.04954128440366973
6 0.4395261845386534 0.6862385321100918 0.02369077306733167 0.044036697247706424
2 0.5417705735660848 0.46788990825688076 0.03117206982543641 0.062385321100917435
2 0.44576059850374067 0.5963302752293578 0.028678304239401497 0.05504587155963303
7 0.8216957605985037 0.5990825688073395 0.034912718204488775 0.07155963302752294
7 0.7266209476309227 0.47110091743119265 0.038029925187032416 0.07064220183486239
7 0.7182044887780549 0.689908256880734 0.03740648379052369 0.060550458715596334
7 0.7256857855361596 0.826605504587156 0.03740648379052369 0.07339449541284404
7 0.821072319201995 0.7357798165137615 0.03865336658354115 0.06422018348623854
7 0.803927680798005 0.6761467889908257 0.038029925187032416 0.062385321100917435
5 0.8562967581047382 0.6738532110091743 0.051745635910224436 0.06330275229357799
0 0.4158354114713217 0.6743119266055045 0.05112219451371571 0.06788990825688074