6 0.8431528662420382 0.41371158392434987 0.042993630573248405 0.06619385342789598
2 0.4156050955414013 0.7210401891252955 0.041401273885350316 0.08037825059101655
2 0.27388535031847133 0.4101654846335697 0.041401273885350316 0.08274231678486997
2 0.27388535031847133 0.6134751773049646 0.041401273885350316 0.08274231678486997
7 0.7523885350318471 0.5898345153664303 0.03980891719745223 0.08274231678486997
5 0.7977707006369427 0.475177304964539 0.054140127388535034 0.07565011820330969
0 0.22770700636942676 0.5260047281323877 0.05732484076433121 0.07801418439716312
6 0.697452229299363 0.46926713947990545 0.050955414012738856 0.06855791962174941
2 0.40605095541401276 0.30969267139479906 0.041401273885350316 0.0851063829787234
6 0.7619426751592356 0.3829787234042553 0.05573248407643312 0.08037825059101655
1 0.49044585987261147 0.4799054373522459 0.044585987261146494 0.06619385342789598
1 0.5238853503184714 0.5177304964539007 0.07006369426751592 0.10874704491725769
6 0.51671974522293 0.508274231678487 0.04936305732484077 0.07092198581560284