1 0.5157185628742516 0.7182628062360802 0.040419161676646706 0.0645879732739421
6 0.594311377245509 0.5356347438752784 0.041916167664670656 0.0645879732739421
1 0.5374251497005988 0.7628062360801782 0.041916167664670656 0.0645879732739421
6 0.6182634730538922 0.532293986636971 0.038922155688622756 0.066815144766147
6 0.6369760479041916 0.7383073496659243 0.04341317365269461 0.06904231625835189
1 0.5651197604790419 0.7817371937639198 0.04640718562874251 0.066815144766147
6 0.6422155688622755 0.765033407572383 0.04790419161676647 0.06904231625835189
6 0.5875748502994012 0.31403118040089084 0.04640718562874251 0.0757238307349666
7 0.7642215568862275 0.5701559020044543 0.0374251497005988 0.0757238307349666
7 0.6609281437125748 0.5879732739420935 0.0374251497005988 0.0757238307349666
7 0.7844311377245509 0.6458797327394209 0.038922155688622756 0.0757238307349666
7 0.7844311377245509 0.47884187082405344 0.038922155688622756 0.0757238307349666
6 0.624251497005988 0.32516703786191536 0.04491017964071856 0.07126948775055679
2 0.33607784431137727 0.47884187082405344 0.040419161676646706 0.0757238307349666
7 0.6714071856287425 0.3262806236080178 0.0374251497005988 0.09131403118040089
2 0.4491017964071856 0.3285077951002227 0.038922155688622756 0.0957683741648107
2 0.4588323353293413 0.5868596881959911 0.0374251497005988 0.0779510022271715
5 0.8248502994011976 0.566815144766147 0.05389221556886228 0.07349665924276169
2 0.4498502994011976 0.7538975501113586 0.040419161676646706 0.0779510022271715
2 0.3570359281437126 0.5712694877505567 0.0374251497005988 0.0779510022271715
0 0.2934131736526946 0.566815144766147 0.05389221556886228 0.07349665924276169
2 0.33682634730538924 0.6469933184855234 0.041916167664670656 0.0779510022271715
7 0.6706586826347305 0.7561247216035635 0.038922155688622756 0.08240534521158129