1 0.4411764705882353 0.5655021834061136 0.049019607843137254 0.0611353711790393
6 0.4918300653594771 0.6179039301310044 0.0457516339869281 0.06550218340611354
5 0.8022875816993464 0.5676855895196506 0.058823529411764705 0.06986899563318777
7 0.6339869281045751 0.32641921397379914 0.042483660130718956 0.07205240174672489
6 0.5040849673202614 0.5447598253275109 0.05718954248366013 0.06768558951965066
1 0.3660130718954248 0.5622270742358079 0.0392156862745098 0.06331877729257641
1 0.39705882352941174 0.5665938864628821 0.02287581699346405 0.05021834061135371
2 0.2696078431372549 0.48034934497816595 0.042483660130718956 0.07423580786026202
7 0.7581699346405228 0.48034934497816595 0.042483660130718956 0.07423580786026202
2 0.3937908496732026 0.324235807860262 0.042483660130718956 0.07641921397379912
6 0.42483660130718953 0.4279475982532751 0.06209150326797386 0.08296943231441048
2 0.2916666666666667 0.5698689956331878 0.04084967320261438 0.07423580786026202
7 0.6233660130718954 0.5873362445414847 0.04084967320261438 0.07423580786026202
7 0.7361111111111112 0.5698689956331878 0.04084967320261438 0.07423580786026202
2 0.2696078431372549 0.6441048034934498 0.042483660130718956 0.07423580786026202
7 0.7573529411764706 0.6441048034934498 0.04084967320261438 0.07423580786026202
7 0.6339869281045751 0.7510917030567685 0.042483660130718956 0.07423580786026202
0 0.2238562091503268 0.5665938864628821 0.06209150326797386 0.07205240174672489
2 0.3929738562091503 0.34497816593886466 0.04084967320261438 0.034934497816593885
2 0.2696078431372549 0.4585152838427948 0.029411764705882353 0.026200873362445413