1 0.4662243667068758 0.5385786802030457 0.05186972255729795 0.04568527918781726
6 0.5928829915560917 0.5086294416243655 0.05186972255729795 0.04467005076142132
6 0.5723763570566948 0.33604060913705586 0.05186972255729795 0.048730964467005075
1 0.5247285886610374 0.6548223350253807 0.05307599517490953 0.04467005076142132
1 0.5018094089264173 0.682741116751269 0.05548854041013269 0.05177664974619289
2 0.379372738238842 0.5020304568527919 0.05186972255729795 0.05380710659898477
2 0.19722557297949336 0.5086294416243655 0.047044632086851626 0.05279187817258883
5 0.8455971049457177 0.43908629441624364 0.06755126658624849 0.04568527918781726
2 0.244270205066345 0.4431472081218274 0.047044632086851626 0.05380710659898477
7 0.8057901085645356 0.3771573604060914 0.045838359469240045 0.05380710659898477
2 0.36670687575392036 0.6558375634517767 0.04825090470446321 0.05482233502538071
7 0.7623642943305187 0.44263959390862945 0.045838359469240045 0.05279187817258883
2 0.2008443908323281 0.3766497461928934 0.047044632086851626 0.05482233502538071
2 0.37273823884197826 0.3177664974619289 0.045838359469240045 0.05279187817258883
0 0.16338962605548854 0.44254822335025384 0.07457177322074789 0.06368527918781727
7 0.810940892641737 0.5113096446700508 0.049348612786489846 0.06091370558375635
7 0.6453558504221955 0.6566598984771573 0.049348612786489846 0.059989847715735956
7 0.6343908323281061 0.5062335025380711 0.051544028950542845 0.054456852791878216
6 0.4660796139927624 0.6644771573604061 0.058468033775633324 0.03872081218274122
1 0.4633655006031363 0.6881624365482234 0.050880579010856394 0.04875126903553298
6 0.4733775633293124 0.7098071065989847 0.06008443908323288 0.04282233502538078