1 0.48017241379310344 0.47419354838709676 0.05344827586206897 0.06236559139784946
5 0.7724137931034483 0.38924731182795697 0.06206896551724138 0.06881720430107527
7 0.7586206896551724 0.4774193548387097 0.04482758620689655 0.07311827956989247
1 0.5137931034482759 0.5161290322580645 0.05172413793103448 0.06451612903225806
7 0.6051724137931035 0.44946236559139785 0.041379310344827586 0.07311827956989247
2 0.4051724137931034 0.2870967741935484 0.04482758620689655 0.07526881720430108
7 0.7120689655172414 0.3913978494623656 0.04482758620689655 0.07311827956989247
2 0.3017241379310345 0.3913978494623656 0.04482758620689655 0.07311827956989247
7 0.7387931034482759 0.2903225806451613 0.04310344827586207 0.07311827956989247
2 0.253448275862069 0.47634408602150535 0.04482758620689655 0.07526881720430108
2 0.27327586206896554 0.289247311827957 0.04310344827586207 0.07526881720430108
7 0.6120689655172413 0.28817204301075267 0.041379310344827586 0.07311827956989247
7 0.603448275862069 0.6279569892473118 0.04482758620689655 0.07311827956989247
0 0.23879310344827587 0.3881720430107527 0.06379310344827586 0.07096774193548387
2 0.4017241379310345 0.44946236559139785 0.05517241379310345 0.07741935483870968
1 0.5491379310344827 0.3150537634408602 0.05344827586206897 0.07526881720430108
6 0.5594827586206896 0.35053763440860214 0.05344827586206897 0.060215053763440864
6 0.5724137931034483 0.3096774193548387 0.034482758620689655 0.060215053763440864
2 0.4077586206896552 0.6279569892473118 0.04655172413793104 0.07311827956989247