1 0.5212527964205816 0.4708423326133909 0.049217002237136466 0.04967602591792657
6 0.5967561521252797 0.408207343412527 0.04586129753914989 0.04967602591792657
1 0.5497762863534675 0.6468682505399568 0.052572706935123045 0.04967602591792657
6 0.5548098434004475 0.4946004319654428 0.0447427293064877 0.04535637149028078
6 0.5743847874720358 0.47840172786177104 0.04138702460850112 0.047516198704103674
6 0.5218120805369127 0.34719222462203025 0.04138702460850112 0.04643628509719223
1 0.5469798657718121 0.31965442764578833 0.04697986577181208 0.04967602591792657
5 0.8618568232662193 0.4130669546436285 0.06152125279642058 0.052915766738660906
7 0.8294183445190156 0.4865010799136069 0.04138702460850112 0.0550755939524838
7 0.785234899328859 0.41630669546436283 0.042505592841163314 0.05723542116630669
7 0.6638702460850112 0.48056155507559395 0.0436241610738255 0.056155507559395246
7 0.8260626398210291 0.3466522678185745 0.04138702460850112 0.056155507559395246
2 0.4306487695749441 0.4794816414686825 0.0447427293064877 0.056155507559395246
2 0.3048098434004474 0.41630669546436283 0.0436241610738255 0.05723542116630669
7 0.6683445190156599 0.2818574514038877 0.04138702460850112 0.056155507559395246
2 0.2606263982102908 0.48596112311015116 0.0447427293064877 0.05399568034557235
0 0.22874720357941836 0.41252699784017277 0.06152125279642058 0.05183585313174946
2 0.2645413870246085 0.3461123110151188 0.0436241610738255 0.0550755939524838
2 0.42337807606263983 0.28239740820734344 0.04138702460850112 0.05723542116630669
7 0.6761744966442953 0.642548596112311 0.04138702460850112 0.058315334773218146