5 0.821078431372549 0.5478589420654912 0.06045751633986928 0.08312342569269521
7 0.7761437908496732 0.44836272040302266 0.042483660130718956 0.08564231738035265
7 0.6495098039215687 0.2707808564231738 0.04738562091503268 0.08816120906801007
6 0.2761437908496732 0.5478589420654912 0.0392156862745098 0.07808564231738035
7 0.6405228758169934 0.5717884130982368 0.042483660130718956 0.08564231738035265
7 0.7761437908496732 0.6372795969773299 0.042483660130718956 0.08564231738035265
7 0.7540849673202614 0.5516372795969773 0.04084967320261438 0.08564231738035265
2 0.2883986928104575 0.44836272040302266 0.04084967320261438 0.08564231738035265
6 0.22058823529411764 0.5717884130982368 0.042483660130718956 0.07556675062972293
7 0.6511437908496732 0.7594458438287154 0.04411764705882353 0.08816120906801007
6 0.255718954248366 0.575566750629723 0.04738562091503268 0.07808564231738035
6 0.24591503267973855 0.6209068010075567 0.04411764705882353 0.04785894206549118
6 0.24449346405228758 0.4771788413098237 0.05325163398692816 0.07743073047858945