2 0.23031496062992127 0.5093984962406015 0.051181102362204724 0.09774436090225563
2 0.4068241469816273 0.47274436090225563 0.049868766404199474 0.09962406015037593
2 0.4074803149606299 0.706766917293233 0.051181102362204724 0.09774436090225563
2 0.4035433070866142 0.26127819548872183 0.051181102362204724 0.09774436090225563
2 0.2847769028871391 0.3975563909774436 0.049868766404199474 0.09586466165413533
7 0.8070866141732284 0.5093984962406015 0.049868766404199474 0.09774436090225563
2 0.25393700787401574 0.2631578947368421 0.048556430446194225 0.09774436090225563
6 0.8713910761154856 0.2866541353383459 0.05249343832020997 0.07706766917293233
7 0.7532808398950132 0.3975563909774436 0.049868766404199474 0.09586466165413533
7 0.634514435695538 0.47368421052631576 0.051181102362204724 0.09774436090225563
0 0.21194225721784776 0.39285714285714285 0.06692913385826772 0.09022556390977443
7 0.6384514435695539 0.26127819548872183 0.051181102362204724 0.09774436090225563
7 0.7841207349081365 0.2640977443609023 0.048556430446194225 0.09962406015037593
7 0.6305774278215223 0.7077067669172933 0.051181102362204724 0.09586466165413533
6 0.8471128608923885 0.3505639097744361 0.05380577427821522 0.08082706766917293
6 0.8976377952755905 0.3233082706766917 0.05774278215223097 0.08270676691729323
1 0.16535433070866143 0.29135338345864664 0.05511811023622047 0.08270676691729323
1 0.16601049868766404 0.337406015037594 0.06167979002624672 0.06954887218045112