6 0.7733100233100233 0.5511882998171846 0.05244755244755245 0.07861060329067641
1 0.3006993006993007 0.5365630712979891 0.05128205128205128 0.09323583180987204
6 0.6958041958041958 0.4296160877513711 0.055944055944055944 0.08409506398537477
6 0.8467365967365967 0.46983546617915906 0.05011655011655012 0.08043875685557587
6 0.7004662004662005 0.6307129798903108 0.05128205128205128 0.08043875685557587
1 0.27797202797202797 0.6745886654478976 0.05244755244755245 0.08043875685557587
1 0.24533799533799533 0.5804387568555759 0.05244755244755245 0.08226691042047532
2 0.35664335664335667 0.28884826325411334 0.04428904428904429 0.09506398537477148
2 0.23426573426573427 0.43144424131627057 0.04428904428904429 0.09506398537477148
7 0.5868298368298368 0.27056672760511885 0.045454545454545456 0.09506398537477148
2 0.38053613053613056 0.753199268738574 0.045454545454545456 0.09506398537477148
7 0.6101398601398601 0.7367458866544789 0.045454545454545456 0.09506398537477148
1 0.23076923076923078 0.6224862888482633 0.05827505827505827 0.09323583180987204
1 0.6655011655011654 0.5539305301645339 0.04895104895104895 0.08043875685557587
5 0.7785547785547785 0.49177330895795246 0.06060606060606061 0.08775137111517367
7 0.736013986013986 0.5923217550274223 0.038461538461538464 0.09506398537477148
0 0.18473193473193472 0.5429616087751371 0.0641025641025641 0.09140767824497258
7 0.7196969696969697 0.38939670932358317 0.038461538461538464 0.09506398537477148