1 0.45566502463054187 0.5265486725663717 0.054187192118226604 0.07964601769911504
6 0.4698275862068966 0.32831858407079645 0.05788177339901478 0.07964601769911504
1 0.4144088669950739 0.7929203539823009 0.0480295566502463 0.07787610619469026
1 0.45751231527093594 0.7902654867256638 0.05788177339901478 0.08672566371681416
7 0.7198275862068966 0.42920353982300885 0.0480295566502463 0.09026548672566372
7 0.5806650246305419 0.315929203539823 0.04556650246305419 0.09380530973451327
7 0.6065270935960592 0.7663716814159292 0.0480295566502463 0.0920353982300885
7 0.7364532019704434 0.6274336283185841 0.04926108374384237 0.09380530973451327
2 0.20997536945812809 0.47079646017699117 0.0480295566502463 0.0920353982300885
5 0.7850985221674877 0.5309734513274337 0.06773399014778325 0.08849557522123894
2 0.22660098522167488 0.6690265486725664 0.04926108374384237 0.0920353982300885
2 0.33866995073891626 0.3360530973451328 0.046798029556650245 0.09511504424778763
0 0.15701970443349753 0.5778761061946903 0.06773399014778325 0.08672566371681416