1 0.3691358024691358 0.3508771929824561 0.056790123456790124 0.05146198830409357
6 0.5925925925925926 0.28596491228070176 0.05185185185185185 0.05263157894736842
6 0.5469135802469136 0.30994152046783624 0.05432098765432099 0.056140350877192984
1 0.4845679012345679 0.3017543859649123 0.05555555555555555 0.04912280701754386
2 0.18950617283950616 0.44912280701754387 0.04814814814814815 0.0608187134502924
7 0.7685185185185185 0.3730994152046784 0.04814814814814815 0.0608187134502924
7 0.8123456790123457 0.2970760233918129 0.04691358024691358 0.0608187134502924
0 0.1537037037037037 0.3701754385964912 0.06790123456790123 0.05730994152046784
1 0.5141975308641975 0.2754385964912281 0.06296296296296296 0.05497076023391813
7 0.8166666666666667 0.44912280701754387 0.04814814814814815 0.0608187134502924
2 0.3765432098765432 0.44035087719298244 0.044444444444444446 0.05497076023391813
7 0.6407407407407407 0.22923976608187135 0.05185185185185185 0.0608187134502924
2 0.2382716049382716 0.3725146198830409 0.04691358024691358 0.05964912280701754
5 0.8524691358024692 0.3701754385964912 0.06790123456790123 0.05730994152046784
2 0.36790123456790125 0.22923976608187135 0.04938271604938271 0.0608187134502924
7 0.6339506172839506 0.4432748538011696 0.04814814814814815 0.0608187134502924
2 0.19444444444444445 0.2970760233918129 0.04567901234567901 0.05847953216374269
7 0.6469135802469136 0.6181286549707602 0.04691358024691358 0.06198830409356725
2 0.36358024691358026 0.6175438596491228 0.04814814814814815 0.0608187134502924
1 0.4666666666666667 0.3175438596491228 0.04938271604938271 0.0456140350877193