1 0.4878854625550661 0.4311989100817439 0.046255506607929514 0.05858310626702997
6 0.612885462555066 0.5865122615803815 0.0473568281938326 0.06130790190735695
6 0.5666299559471366 0.8542234332425068 0.04515418502202643 0.06267029972752043
6 0.5941629955947136 0.4952316076294278 0.051762114537444934 0.0667574931880109
6 0.5704845814977973 0.45095367847411444 0.04405286343612335 0.05722070844686648
6 0.5390969162995595 0.476158038147139 0.040748898678414094 0.055858310626702996
1 0.5352422907488987 0.5115803814713896 0.048458149779735685 0.05040871934604905
1 0.5104625550660793 0.48365122615803813 0.02753303964757709 0.05449591280653951
1 0.5280837004405287 0.49591280653950953 0.05837004405286344 0.07901907356948229
2 0.42786343612334804 0.502724795640327 0.040748898678414094 0.07356948228882834
2 0.4487885462555066 0.8501362397820164 0.040748898678414094 0.07084468664850137
7 0.6674008810572687 0.8369618528610355 0.05286343612334802 0.07720708446866495
7 0.7834030837004405 0.7306948228882835 0.045517621145374366 0.07538147138964575
7 0.7672577092511013 0.5794686648501363 0.05432819383259904 0.08174386920980926
5 0.8252533039647577 0.6584877384196185 0.07194933920704838 0.07265667574931886
2 0.31351321585903086 0.6058174386920981 0.048458149779735685 0.07629427792915532
2 0.32635462555066075 0.7643051771117166 0.0491960352422907 0.07538147138964568
0 0.26505506607929513 0.6930108991825613 0.06754405286343611 0.07810626702997281
1 0.5928744493392071 0.8605858310626703 0.05360132158590317 0.0608583106267031