6 0.4885120350109409 0.6624685138539043 0.04923413566739606 0.060453400503778336
6 0.43161925601750545 0.5938287153652393 0.047045951859956234 0.05415617128463476
6 0.42669584245076586 0.5547858942065491 0.04814004376367615 0.05163727959697733
6 0.4535010940919037 0.5314861460957179 0.044857768052516414 0.05289672544080604
1 0.4912472647702407 0.5497481108312342 0.04814004376367615 0.05415617128463476
2 0.29978118161925604 0.6360201511335013 0.0437636761487965 0.0654911838790932
0 0.25218818380743985 0.7115869017632241 0.06236323851203501 0.06297229219143577
7 0.6310612691466083 0.5258186397984886 0.053927789934354445 0.07287153652392948
7 0.7537527352297593 0.6049874055415617 0.053927789934354445 0.07467254408060449
7 0.6525492341356673 0.8501259445843828 0.04845733041575488 0.06837531486146091
7 0.7642997811816193 0.7525188916876574 0.051575492341356784 0.07287153652392934
6 0.8111925601750547 0.6787531486146096 0.06877461706783358 0.07287153652392941
2 0.31415754923413564 0.7777078085642317 0.04532822757111592 0.0638664987405542
2 0.43567833698030634 0.8586775818639798 0.061739606126914606 0.08006297229219135