6 0.6100702576112412 0.2966589861751152 0.04918032786885246 0.04723502304147465
7 0.8284543325526932 0.46140552995391704 0.04332552693208431 0.0587557603686636
7 0.7827868852459017 0.38652073732718895 0.04566744730679157 0.06105990783410138
7 0.6545667447306791 0.4544930875576037 0.04449648711943794 0.06105990783410138
7 0.8249414519906323 0.3122119815668203 0.04332552693208431 0.06221198156682028
7 0.6592505854800936 0.24481566820276499 0.04449648711943794 0.06105990783410138
5 0.8629976580796253 0.3836405529953917 0.06323185011709602 0.055299539170506916
1 0.5614754098360656 0.2828341013824885 0.05269320843091335 0.056451612903225805
2 0.40339578454332553 0.24308755760368664 0.04332552693208431 0.059907834101382486
2 0.4104215456674473 0.4521889400921659 0.04332552693208431 0.0587557603686636
2 0.23243559718969556 0.4608294930875576 0.04566744730679157 0.059907834101382486
2 0.2792740046838407 0.3859447004608295 0.04332552693208431 0.059907834101382486
6 0.5925058548009368 0.2528801843317972 0.04918032786885246 0.04723502304147465
0 0.1996487119437939 0.3819124423963134 0.06440281030444965 0.056451612903225805
2 0.23711943793911008 0.31105990783410137 0.04566744730679157 0.059907834101382486
6 0.5843091334894613 0.22868663594470046 0.05152224824355972 0.044930875576036866
2 0.398711943793911 0.6261520737327189 0.04332552693208431 0.06105990783410138
7 0.667447306791569 0.6261520737327189 0.04215456674473068 0.06105990783410138