6 0.5663771712158809 0.45622119815668205 0.05086848635235732 0.052995391705069124
1 0.4640198511166253 0.5887096774193549 0.052109181141439205 0.04838709677419355
1 0.5496277915632755 0.19642857142857142 0.05459057071960298 0.05184331797235023
1 0.49007444168734493 0.625 0.05459057071960298 0.04953917050691244
1 0.1054590570719603 0.315668202764977 0.05707196029776675 0.052995391705069124
6 0.6575682382133995 0.3876728110599078 0.052109181141439205 0.05414746543778802
0 0.17121588089330025 0.37557603686635943 0.06947890818858561 0.0576036866359447
6 0.5303970223325062 0.4706221198156682 0.05086848635235732 0.05184331797235023
6 0.6451612903225806 0.47868663594470046 0.04714640198511166 0.04953917050691244
1 0.3598014888337469 0.4377880184331797 0.04962779156327544 0.055299539170506916
2 0.206575682382134 0.45276497695852536 0.04838709677419355 0.059907834101382486
2 0.25496277915632753 0.3784562211981567 0.04838709677419355 0.06105990783410138
6 0.5483870967741935 0.3064516129032258 0.05459057071960298 0.052995391705069124
5 0.8728287841191067 0.37672811059907835 0.06823821339950373 0.055299539170506916
2 0.21029776674937964 0.30414746543778803 0.04838709677419355 0.059907834101382486
2 0.3858560794044665 0.2367511520737327 0.04714640198511166 0.0587557603686636
7 0.7884615384615384 0.3790322580645161 0.04838709677419355 0.059907834101382486
2 0.3988833746898263 0.4470046082949309 0.04094292803970223 0.059907834101382486
7 0.8374689826302729 0.4539170506912442 0.04714640198511166 0.059907834101382486
7 0.8331265508684863 0.30414746543778803 0.04838709677419355 0.059907834101382486
7 0.6569478908188585 0.2367511520737327 0.04838709677419355 0.06105990783410138
2 0.3784119106699752 0.619815668202765 0.052109181141439205 0.059907834101382486
7 0.6693548387096774 0.6215437788018433 0.05334987593052109 0.06105990783410138