0 0.14245086705202312 0.485808936825886 0.058994219653179206 0.07130970724191059
5 0.5825202312138729 0.4457935285053929 0.04418497109826593 0.08155624036979961
7 0.7319306358381503 0.32832049306625577 0.04384971098265903 0.08126348228043145
7 0.7011676300578035 0.4575038520801233 0.042728323699422005 0.0805392912172573
6 0.46093641618497105 0.5001386748844375 0.05419653179190751 0.06858243451463789
6 0.4826705202312139 0.4457935285053929 0.03347976878612721 0.06101694915254241
7 0.5878959537572254 0.7607704160246533 0.045872832369942204 0.07761171032357465
1 0.3784393063583815 0.4740369799691833 0.05643930635838156 0.07251155624036972
2 0.3713063583815029 0.821633281972265 0.047595375722543305 0.08973805855161789
2 0.33627745664739883 0.1509090909090909 0.04692485549132951 0.0842835130970724
7 0.7640231213872832 0.5420030816640986 0.052358381502890135 0.08882896764252693
2 0.1870057803468208 0.5855161787365177 0.05032369942196529 0.09969183359013875
1 0.08092485549132948 0.5420030816640986 0.05713294797687862 0.07249614791987666
2 0.15596531791907514 0.37486902927580895 0.050115606936416195 0.09229583975346688
2 0.21811560693641618 0.454406779661017 0.04979190751445086 0.08701078582434518
7 0.547179190751445 0.10029275808936826 0.050023121387283216 0.08480739599383666
1 0.3634797687861272 0.4350693374422188 0.05643930635838156 0.07251155624036972
1 0.4001965317919075 0.4667950693374422 0.05643930635838156 0.0725115562403699
6 0.4466589595375723 0.43850539291217255 0.05419653179190751 0.06858243451463789
5 0.7749017341040462 0.4331895223420647 0.06708670520231211 0.08323574730354388