1 0.5172626387176326 0.2258938244853738 0.0530209617755857 0.04875406283856988
1 0.4630086313193588 0.3049837486457205 0.0530209617755857 0.050920910075839654
6 0.5875462392108508 0.31852654387865653 0.04315659679408138 0.04550379198266522
6 0.6072749691738595 0.2611050920910076 0.055487053020961775 0.04550379198266522
6 0.5505548705302096 0.31365113759479957 0.04808877928483354 0.04658721560130011
6 0.5055487053020962 0.333694474539545 0.05425400739827373 0.05200433369447454
1 0.5672009864364982 0.2605633802816901 0.04932182490752158 0.050920910075839654
5 0.8588162762022195 0.41170097508125675 0.06781750924784218 0.05200433369447454
7 0.8236744759556104 0.4848320693391116 0.04438964241676942 0.0552546045503792
7 0.7749691738594328 0.41495124593716143 0.04562268803945746 0.056338028169014086
7 0.8181257706535142 0.34615384615384615 0.04808877928483354 0.05742145178764897
2 0.374845869297164 0.28060671722643554 0.0468557336621455 0.056338028169014086
2 0.19728729963008632 0.4848320693391116 0.0468557336621455 0.0552546045503792
7 0.6405672009864365 0.4788732394366197 0.04808877928483354 0.056338028169014086
2 0.24475955610357583 0.41495124593716143 0.04808877928483354 0.056338028169014086
2 0.20160295930949446 0.3456121343445287 0.04808877928483354 0.056338028169014086
0 0.16091245376078914 0.41170097508125675 0.06781750924784218 0.05200433369447454
2 0.37053020961775585 0.6419284940411701 0.04808877928483354 0.05742145178764897
7 0.6541307028360049 0.643011917659805 0.04562268803945746 0.05742145178764897
0 0.5092478421701603 0.16034669555796316 0.051787916152897656 0.05200433369447454