1 0.4774725274725275 0.5116580310880829 0.04945054945054945 0.05699481865284974
6 0.5873626373626374 0.7454663212435233 0.045054945054945054 0.05310880829015544
6 0.5478021978021979 0.7603626943005182 0.045054945054945054 0.05958549222797927
1 0.5126373626373626 0.7040155440414507 0.04285714285714286 0.050518134715025906
6 0.5115384615384615 0.6625647668393783 0.045054945054945054 0.050518134715025906
6 0.5137362637362637 0.7636010362694301 0.04065934065934066 0.05569948186528497
1 0.5434065934065934 0.7156735751295337 0.045054945054945054 0.04792746113989637
6 0.5527472527472528 0.7856217616580311 0.041758241758241756 0.042746113989637305
2 0.4307692307692308 0.8458549222797928 0.04395604395604396 0.06735751295336788
2 0.2923076923076923 0.616580310880829 0.04395604395604396 0.06735751295336788
2 0.40824175824175823 0.5142487046632125 0.04285714285714286 0.06735751295336788
0 0.24615384615384617 0.6949481865284974 0.06373626373626373 0.06347150259067358
2 0.3076923076923077 0.7623056994818653 0.04395604395604396 0.06865284974093264
7 0.7507802197802198 0.586139896373057 0.04630769230769242 0.06939119170984462
7 0.625978021978022 0.5028626943005181 0.04787912087912081 0.07309585492227973
7 0.6487472527472528 0.8345725388601036 0.054164835164835126 0.06661917098445604
7 0.7621648351648352 0.7346373056994818 0.053373626373626304 0.0721632124352332
5 0.8041648351648352 0.6601554404145078 0.0682857142857144 0.06568652849740937