1 0.5128424657534246 0.35095137420718814 0.04965753424657534 0.06342494714587738
1 0.5085616438356164 0.43446088794926 0.05136986301369863 0.06553911205073996
1 0.4708904109589041 0.3974630021141649 0.0547945205479452 0.07610993657505286
5 0.7662671232876712 0.39323467230443976 0.06335616438356165 0.06765327695560254
6 0.5787671232876712 0.3054968287526427 0.04794520547945205 0.06553911205073996
7 0.5993150684931506 0.452431289640592 0.0410958904109589 0.07188160676532769
7 0.752568493150685 0.4799154334038055 0.04280821917808219 0.07188160676532769
7 0.7320205479452054 0.2949260042283298 0.04280821917808219 0.07399577167019028
7 0.7046232876712328 0.3964059196617336 0.04280821917808219 0.06976744186046512
2 0.4041095890410959 0.627906976744186 0.04452054794520548 0.07188160676532769
7 0.5976027397260274 0.627906976744186 0.04452054794520548 0.07188160676532769
6 0.5376712328767124 0.6109936575052854 0.05136986301369863 0.06342494714587738
2 0.3998287671232877 0.2928118393234672 0.04280821917808219 0.07399577167019028
2 0.401541095890411 0.4513742071881607 0.039383561643835614 0.07399577167019028
2 0.2696917808219178 0.2949260042283298 0.046232876712328765 0.07399577167019028
2 0.2979452054794521 0.3964059196617336 0.04452054794520548 0.07399577167019028
2 0.2594178082191781 0.4883720930232558 0.06335616438356165 0.09302325581395349
0 0.2363013698630137 0.39323467230443976 0.06506849315068493 0.06765327695560254