6 0.6003184713375797 0.6470588235294118 0.045647558386411886 0.06292749658002736
6 0.8773885350318471 0.625170998632011 0.04777070063694268 0.060191518467852256
6 0.46337579617834396 0.8002735978112175 0.045647558386411886 0.060191518467852256
6 0.5382165605095541 0.9097127222982216 0.04670912951167728 0.060191518467852256
1 0.3614649681528662 0.7845417236662107 0.045647558386411886 0.058823529411764705
1 0.22505307855626328 0.6607387140902873 0.044585987261146494 0.060191518467852256
1 0.4033970276008493 0.786593707250342 0.044585987261146494 0.060191518467852256
2 0.4294055201698514 0.4719562243502052 0.041401273885350316 0.07387140902872777
6 0.4861995753715499 0.9001367989056087 0.044585987261146494 0.060191518467852256
0 0.2765392781316348 0.6600547195622435 0.049893842887473464 0.06703146374829001
2 0.32130573248407646 0.5827633378932968 0.04246284501061571 0.07478796169630637
2 0.3336836518046709 0.7318741450068399 0.0332590233545648 0.0811627906976744
7 0.6404777070063695 0.4605608755129959 0.04246284501061571 0.08207934336525308
7 0.7590233545647559 0.549015047879617 0.04742038216560517 0.07478796169630637
7 0.7735350318471337 0.7013269493844049 0.04670912951167728 0.07660738714090287
7 0.6620700636942675 0.8066621067031463 0.04599787685774939 0.07021887824897391
5 0.8152866242038217 0.6260875512995896 0.06085987261146489 0.07021887824897406