0 0.24778761061946902 0.43365180467091297 0.061946902654867256 0.05201698513800425
6 0.6310840707964602 0.291932059447983 0.04756637168141593 0.04670912951167728
1 0.5724557522123894 0.49203821656050956 0.04756637168141593 0.045647558386411886
6 0.6631637168141593 0.46337579617834396 0.04756637168141593 0.04777070063694268
6 0.6526548672566371 0.3874734607218684 0.048672566371681415 0.04883227176220807
1 0.5967920353982301 0.37632696390658177 0.049778761061946904 0.04777070063694268
6 0.5995575221238938 0.3375796178343949 0.046460176991150445 0.04883227176220807
2 0.2782079646017699 0.5058386411889597 0.04092920353982301 0.054140127388535034
2 0.3230088495575221 0.43736730360934184 0.0420353982300885 0.055201698513800426
2 0.2831858407079646 0.36836518046709127 0.03982300884955752 0.05307855626326964
6 0.6703539823008849 0.43842887473460723 0.046460176991150445 0.04670912951167728
7 0.8373893805309734 0.36942675159235666 0.03982300884955752 0.055201698513800426
7 0.7981194690265486 0.43736730360934184 0.04092920353982301 0.055201698513800426
5 0.8733407079646017 0.43418259023354566 0.06084070796460177 0.050955414012738856
7 0.6814159292035398 0.3057324840764331 0.0420353982300885 0.05732484076433121
2 0.4391592920353982 0.3057324840764331 0.0420353982300885 0.055201698513800426
2 0.44745575221238937 0.4994692144373673 0.04314159292035398 0.05626326963906582
7 0.8418141592920354 0.5058386411889597 0.0420353982300885 0.05626326963906582
1 0.5564159292035398 0.5100849256900213 0.048672566371681415 0.045647558386411886
1 0.6321902654867256 0.37951167728237795 0.04314159292035398 0.04777070063694268
2 0.4325221238938053 0.6597664543524416 0.048672566371681415 0.054140127388535034
7 0.6908185840707964 0.6602972399150743 0.04535398230088496 0.055201698513800426
7 0.6764380530973452 0.5021231422505308 0.04535398230088496 0.05307855626326964
6 0.6631637168141593 0.46337579617834396 0.029867256637168143 0.03503184713375796