6 0.8816105769230769 0.3263723150357995 0.051682692307692304 0.05369928400954654
1 0.4909855769230769 0.5411694510739857 0.051682692307692304 0.05608591885441527
1 0.5042067307692307 0.43973747016706444 0.051682692307692304 0.05369928400954654
6 0.5931490384615384 0.6545346062052506 0.04927884615384615 0.05608591885441527
7 0.6610576923076923 0.46420047732696895 0.04567307692307692 0.06205250596658711
7 0.7920673076923077 0.3931980906921241 0.04567307692307692 0.06324582338902147
7 0.6658653846153846 0.2458233890214797 0.04567307692307692 0.06205250596658711
7 0.8383413461538461 0.4701670644391408 0.046875 0.06205250596658711
2 0.41165865384615385 0.46420047732696895 0.04447115384615385 0.06205250596658711
2 0.4026442307692308 0.24463007159904535 0.04567307692307692 0.06205250596658711
7 0.8365384615384616 0.31742243436754175 0.04807692307692308 0.06205250596658711
2 0.2764423076923077 0.39200477326968974 0.04567307692307692 0.060859188544152745
2 0.2325721153846154 0.315035799522673 0.04447115384615385 0.06205250596658711
1 0.5300480769230769 0.5990453460620525 0.052884615384615384 0.05250596658711217
2 0.22896634615384615 0.46957040572792363 0.046875 0.06324582338902147
6 0.5901442307692307 0.6235083532219571 0.052884615384615384 0.05608591885441527
0 0.19471153846153846 0.389618138424821 0.0673076923076923 0.05847255369928401
5 0.8743990384615384 0.39081145584725535 0.06610576923076923 0.05847255369928401
2 0.3984375 0.6420047732696897 0.04447115384615385 0.059665871121718374