1 0.48813291139240506 0.5895795246800731 0.04588607594936709 0.05301645338208409
5 0.7784810126582279 0.4606946983546618 0.056962025316455694 0.05850091407678245
7 0.7666139240506329 0.5365630712979891 0.03955696202531646 0.06398537477148081
7 0.6257911392405063 0.5118829981718465 0.03955696202531646 0.062157221206581355
1 0.5450949367088608 0.41590493601462525 0.05221518987341772 0.056672760511883
7 0.747626582278481 0.3756855575868373 0.03955696202531646 0.06398537477148081
1 0.47468354430379744 0.6672760511882998 0.04746835443037975 0.05850091407678245
7 0.7223101265822784 0.4625228519195612 0.03955696202531646 0.062157221206581355
7 0.6289556962025317 0.37385740402193784 0.03955696202531646 0.06398537477148081
7 0.6234177215189873 0.6645338208409507 0.04113924050632911 0.06398537477148081
1 0.5253164556962026 0.45429616087751373 0.04430379746835443 0.0603290676416819
6 0.5324367088607594 0.6416819012797075 0.04588607594936709 0.054844606946983544
6 0.5300632911392406 0.6745886654478976 0.04746835443037975 0.04753199268738574
2 0.44145569620253167 0.37385740402193784 0.04113924050632911 0.06398537477148081
0 0.2887658227848101 0.45978062157221206 0.058544303797468354 0.0603290676416819
2 0.4430379746835443 0.5109689213893968 0.0379746835443038 0.06398537477148081
2 0.34572784810126583 0.4616087751371115 0.03955696202531646 0.06764168190127971
2 0.3204113924050633 0.376599634369287 0.03955696202531646 0.06581352833638025
2 0.3022151898734177 0.5347349177330896 0.04113924050632911 0.06398537477148081
2 0.4438291139240506 0.6636197440585009 0.03955696202531646 0.062157221206581355