6 0.8533898305084746 0.4195121951219512 0.05254237288135593 0.07317073170731707
1 0.14152542372881355 0.4426829268292683 0.04915254237288136 0.07073170731707316
6 0.8016949152542373 0.48048780487804876 0.05084745762711865 0.07317073170731707
1 0.28220338983050847 0.4 0.04915254237288136 0.07317073170731707
6 0.6855932203389831 0.5195121951219512 0.05254237288135593 0.07804878048780488
2 0.37203389830508476 0.7219512195121951 0.0423728813559322 0.08292682926829269
0 0.19745762711864406 0.5170731707317073 0.06271186440677966 0.07804878048780488
2 0.2440677966101695 0.6048780487804878 0.04406779661016949 0.08292682926829269
2 0.3728813559322034 0.2475609756097561 0.04406779661016949 0.08536585365853659
2 0.38305084745762713 0.5402439024390244 0.04406779661016949 0.08536585365853659
1 0.30847457627118646 0.5231707317073171 0.0576271186440678 0.08536585365853659
7 0.6220338983050847 0.24878048780487805 0.04406779661016949 0.08780487804878048
2 0.2440677966101695 0.4219512195121951 0.04406779661016949 0.08292682926829269
2 0.2669491525423729 0.5219512195121951 0.0423728813559322 0.08292682926829269
7 0.6101694915254238 0.5414634146341464 0.04406779661016949 0.08292682926829269
7 0.7508474576271187 0.6048780487804878 0.04406779661016949 0.08292682926829269
7 0.6220338983050847 0.723170731707317 0.04406779661016949 0.08536585365853659
6 0.7237288135593221 0.47804878048780486 0.04745762711864407 0.08780487804878048
2 0.3847457627118644 0.5134146341463415 0.030508474576271188 0.026829268292682926
2 0.2669491525423729 0.49634146341463414 0.03220338983050847 0.026829268292682926
7 0.7296610169491525 0.5378048780487805 0.03898305084745763 0.05121951219512195