2 0.6874444444444444 0.7503673938002297 0.03442735042735041 0.06133180252583246
2 0.6728376068376068 0.629483352468427 0.026589743589743503 0.054351320321469485
2 0.6781794871794872 0.883846153846154 0.03299999999999991 0.05268656716417922
0 0.5923589743589743 0.749414466130884 0.03941025641025633 0.04793340987370838
1 0.7717264957264957 0.7181515499425947 0.02920512820512827 0.04156142365097594
1 0.7585470085470085 0.6143283582089553 0.032760683760683695 0.044466130884041354
2 0.8205128205128205 0.8841676234213548 0.03418803418803419 0.04822043628013777
5 0.90408547008547 0.7503673938002297 0.03323931623931613 0.057508610792192785
6 0.7948717948717948 0.7497244546498277 0.028487179487179427 0.04346727898966694
6 0.81208547008547 0.6315499425947187 0.030153846153846132 0.04445464982778419
1 0.7762307692307693 0.8482893226176809 0.03252991452991448 0.04152698048220445
1 0.7884615384615384 0.813203214695752 0.038461538461538464 0.0413892078071182