6 0.7786206896551724 0.8943757159221076 0.02607553366174055 0.035933562428407666
6 0.8169293924466338 0.8914318442153494 0.02976190476190476 0.04389461626575021
1 0.7597701149425287 0.8740664375715922 0.02923645320197036 0.0389232531500573
1 0.7872331691297209 0.9120962199312714 0.028054187192118288 0.03714776632302413
5 0.903456486042693 0.7474341351660939 0.03529556650246288 0.05556701030927834
0 0.6077257799671593 0.7428407789232532 0.04517241379310343 0.06034364261168392
2 0.6813464696223317 0.6279839633447881 0.03437602627257791 0.05412371134020619
2 0.6955665024630542 0.749553264604811 0.031215106732348098 0.045819014891179836
2 0.6882594417077176 0.8798510882016036 0.03002463054187187 0.05423825887743403
7 0.8160098522167487 0.7498281786941581 0.029499178981937654 0.055200458190148974
7 0.8283908045977012 0.6309278350515464 0.025812807881773443 0.050446735395188964