1 0.6342925659472423 0.40281501340482573 0.05515587529976019 0.06300268096514745
1 0.6145083932853717 0.6762734584450402 0.0539568345323741 0.06032171581769437
6 0.6618705035971223 0.6521447721179625 0.050359712230215826 0.057640750670241284
6 0.6270983213429256 0.6260053619302949 0.050359712230215826 0.05093833780160858
6 0.49460431654676257 0.8404825737265416 0.05635491606714628 0.058981233243967826
6 0.4982014388489209 0.7768096514745308 0.0539568345323741 0.06300268096514745
1 0.580335731414868 0.6923592493297587 0.06235011990407674 0.06568364611260054
2 0.4148681055155875 0.41823056300268097 0.047961630695443645 0.06970509383378017
7 0.8045563549160671 0.5844504021447721 0.045563549160671464 0.06970509383378017
6 0.5581534772182254 0.6890080428954424 0.04196642685851319 0.05630026809651475
7 0.8471223021582733 0.49865951742627346 0.046762589928057555 0.06970509383378017
5 0.8872901678657075 0.5817694369973191 0.06474820143884892 0.06166219839142091
7 0.8519184652278178 0.6695710455764075 0.04436450839328537 0.07372654155495978
2 0.24520383693045564 0.49865951742627346 0.046762589928057555 0.06970509383378017
2 0.289916067146283 0.5855093833780162 0.059100719424460456 0.07564343163538867
2 0.2419544364508393 0.6731099195710456 0.0539568345323741 0.07851206434316353
2 0.4226618705035971 0.6625871313672922 0.0539568345323741 0.08042895442359242
0 0.20598321342925657 0.5816756032171582 0.07622302158273381 0.0718096514745309
7 0.6881654676258993 0.8665281501340482 0.06080335731414872 0.07851206434316345