6 0.42238648363252373 0.5369881109643329 0.042238648363252376 0.059445178335535004
1 0.5179514255543822 0.7965653896961691 0.0454065469904963 0.05812417437252312
1 0.47571277719112987 0.7252311756935271 0.03695881731784583 0.05548216644649934
1 0.49736008447729674 0.7595772787318362 0.042238648363252376 0.05812417437252312
1 0.4545934530095037 0.7602377807133421 0.0454065469904963 0.05680317040951123
7 0.630559662090813 0.49113606340819027 0.04826821541710669 0.07454425363276083
7 0.7516261879619852 0.5784147952443858 0.05354804646251324 0.0773712021136064
7 0.7667053854276664 0.7251387054161161 0.03997888067581827 0.06887714663144003
7 0.6550791974656811 0.8289299867899603 0.04449841605068648 0.0726552179656539
5 0.8059239704329462 0.6515323645970937 0.07165786694825756 0.07643328929986792
2 0.31340021119324185 0.6090752972258917 0.04298838437170015 0.07076618229854696
2 0.32508975712777194 0.7510832232496698 0.045258711721224934 0.06793923381770153
0 0.2711615628299895 0.688335535006605 0.06561774023231255 0.07643328929986784
6 0.45255543822597677 0.7930779392338178 0.05128827877507925 0.059445178335535004