1 0.14381270903010032 0.42857142857142855 0.046822742474916385 0.06912442396313365
2 0.24665551839464883 0.44930875576036866 0.04180602006688963 0.07834101382488479
2 0.24581939799331104 0.6221198156682027 0.043478260869565216 0.07834101382488479
2 0.3737458193979933 0.7315668202764977 0.04180602006688963 0.08064516129032258
2 0.3720735785953177 0.28456221198156684 0.04180602006688963 0.08064516129032258
1 0.112876254180602 0.46889400921658986 0.0451505016722408 0.06682027649769585
2 0.38294314381270905 0.5622119815668203 0.043478260869565216 0.07834101382488479
2 0.2683946488294314 0.543778801843318 0.04180602006688963 0.07834101382488479
7 0.7232441471571907 0.543778801843318 0.04180602006688963 0.07834101382488479
7 0.745819397993311 0.6221198156682027 0.043478260869565216 0.07834101382488479
5 0.7918060200668896 0.5403225806451613 0.061872909698996656 0.07603686635944701
7 0.6070234113712375 0.5622119815668203 0.043478260869565216 0.07834101382488479
7 0.6187290969899666 0.28456221198156684 0.043478260869565216 0.08064516129032258
7 0.745819397993311 0.44930875576036866 0.043478260869565216 0.07834101382488479
0 0.20150501672240803 0.5380184331797235 0.05852842809364549 0.08064516129032258
6 0.8436454849498328 0.4447004608294931 0.0451505016722408 0.06912442396313365
1 0.1605351170568562 0.4769585253456221 0.05351170568561873 0.06451612903225806
7 0.6187290969899666 0.7327188940092166 0.043478260869565216 0.08294930875576037
6 0.8762541806020067 0.4700460829493088 0.056856187290969896 0.07834101382488479
6 0.8352842809364549 0.4804147465437788 0.0451505016722408 0.0576036866359447
2 0.24581939799331104 0.4251152073732719 0.030100334448160536 0.02534562211981567
2 0.3729096989966555 0.7073732718894009 0.030100334448160536 0.027649769585253458
2 0.38461538461538464 0.5368663594470046 0.030100334448160536 0.02304147465437788