1 0.6325898389095415 0.7608391608391608 0.05328376703841388 0.06153846153846154
6 0.7831474597273854 0.4916083916083916 0.05204460966542751 0.06013986013986014
1 0.25464684014869887 0.6559440559440559 0.055762081784386616 0.06153846153846154
1 0.5898389095415117 0.779020979020979 0.05452292441140025 0.07832167832167833
1 0.5204460966542751 0.5643356643356643 0.05452292441140025 0.05454545454545454
0 0.1449814126394052 0.47762237762237764 0.06939281288723669 0.06853146853146853
7 0.80545229244114 0.3916083916083916 0.04708798017348203 0.07272727272727272
2 0.17967781908302355 0.5720279720279721 0.04708798017348203 0.07272727272727272
2 0.22862453531598512 0.48041958041958044 0.048327137546468404 0.07412587412587412
5 0.8475836431226765 0.4783216783216783 0.06691449814126393 0.06713286713286713
2 0.18401486988847585 0.39090909090909093 0.048327137546468404 0.07132867132867132
2 0.9888475836431226 0.07482517482517483 0.01982651796778191 0.057342657342657345
6 0.2325526641883519 0.6559440559440559 0.05204460966542751 0.06619580419580426