2 0.47009735744089015 0.37549407114624506 0.03616133518776078 0.07114624505928854
1 0.5771905424200278 0.5543478260869565 0.04450625869262865 0.0691699604743083
1 0.5146036161335188 0.5770750988142292 0.04172461752433936 0.06324110671936758
6 0.5396383866481224 0.5573122529644269 0.03894297635605007 0.05928853754940711
5 0.8184979137691237 0.5938735177865613 0.05146036161335188 0.06521739130434782
7 0.674547983310153 0.37648221343873517 0.03616133518776078 0.0691699604743083
7 0.6655076495132128 0.6136363636363636 0.03477051460361613 0.0691699604743083
7 0.6738525730180807 0.7608695652173914 0.03477051460361613 0.07114624505928854
7 0.7788595271210014 0.6699604743083004 0.03894297635605007 0.07905138339920949
0 0.32684283727399166 0.5938735177865613 0.05285118219749652 0.06521739130434782
2 0.3650904033379694 0.5158102766798419 0.037552155771905425 0.06719367588932806
2 0.36369958275382475 0.6689723320158103 0.04033379694019471 0.07707509881422925
6 0.5994436717663422 0.5681818181818182 0.027816411682892908 0.06126482213438735
7 0.7600834492350487 0.5968379446640316 0.037552155771905425 0.06719367588932806
7 0.7739916550764951 0.516798418972332 0.048678720445062586 0.0691699604743083
2 0.3852573018080668 0.5978260869565217 0.03616133518776078 0.0691699604743083
3 0.5702364394993046 0.5039525691699605 0.04728789986091794 0.05928853754940711