1 0.4730861244019139 0.2727272727272727 0.05143540669856459 0.08333333333333333
6 0.534688995215311 0.25946969696969696 0.050239234449760764 0.07954545454545454
1 0.48026315789473684 0.3456439393939394 0.04904306220095694 0.08143939393939394
1 0.5131578947368421 0.3996212121212121 0.05263157894736842 0.07954545454545454
6 0.5233253588516746 0.32765151515151514 0.05143540669856459 0.08333333333333333
7 0.7206937799043063 0.39678030303030304 0.04665071770334928 0.09659090909090909
2 0.22547846889952153 0.4412878787878788 0.04665071770334928 0.09848484848484848
5 0.784688995215311 0.5047348484848485 0.06698564593301436 0.0928030303030303
7 0.736244019138756 0.6098484848484849 0.04665071770334928 0.09848484848484848
2 0.35107655502392343 0.29640151515151514 0.04665071770334928 0.0928030303030303
7 0.6106459330143541 0.7575757575757576 0.04665071770334928 0.09848484848484848
7 0.5885167464114832 0.2746212121212121 0.0430622009569378 0.09848484848484848
6 0.5352870813397129 0.26325757575757575 0.03708133971291866 0.04924242424242424
2 0.2410287081339713 0.65625 0.04665071770334928 0.10037878787878787
0 0.17553827751196172 0.553030303030303 0.07595693779904306 0.10795454545454546