7 0.6100151745068285 0.5300353356890459 0.036418816388467376 0.06007067137809187
7 0.7443095599393019 0.5530035335689046 0.03793626707132018 0.06007067137809187
7 0.7261001517450683 0.39840989399293286 0.03793626707132018 0.061837455830388695
7 0.7018209408194234 0.4823321554770318 0.03793626707132018 0.06007067137809187
7 0.6069802731411229 0.676678445229682 0.036418816388467376 0.06007067137809187
7 0.6122913505311077 0.39664310954063603 0.03793626707132018 0.061837455830388695
2 0.29893778452200304 0.5521201413427562 0.03945371775417299 0.061837455830388695
1 0.5159332321699545 0.43286219081272087 0.04552352048558422 0.053003533568904596
2 0.3171471927162367 0.39840989399293286 0.03945371775417299 0.061837455830388695
6 0.4742640364188164 0.6672791519434629 0.04716236722306531 0.055424028268551244
2 0.33990895295902884 0.48144876325088337 0.03945371775417299 0.061837455830388695
0 0.2860394537177542 0.4787985865724382 0.05614567526555387 0.05653710247349823
6 0.40819423368740515 0.6360424028268551 0.048558421851289835 0.06007067137809187
5 0.7564491654021245 0.48056537102473496 0.05311077389984825 0.05653710247349823
2 0.42564491654021247 0.39664310954063603 0.05311077389984825 0.061837455830388695
2 0.4377845220030349 0.5362190812720848 0.04400606980273141 0.07597173144876325
1 0.41047040971168436 0.7014134275618374 0.05311077389984825 0.06007067137809187
6 0.5364188163884673 0.44346289752650175 0.0409711684370258 0.053003533568904596
6 0.48946889226100154 0.6660247349823322 0.04716236722306531 0.055424028268551244