6 0.730484429065744 0.5486274509803922 0.0461361014994233 0.048081232492997256
1 0.7343367935409457 0.6297338935574229 0.05074971164936563 0.04501400560224088
1 0.7233102652825837 0.6781232492997199 0.04408304498269899 0.05053221288515412
7 0.7432987312572088 0.6992857142857144 0.04510957324106102 0.0567507002801121
5 0.8658246828143021 0.693529411764706 0.04921568627450989 0.06267507002801129
6 0.8995271049596308 0.6359523809523809 0.05049596309111877 0.050000000000000065
2 0.7500922722029989 0.8574229691876751 0.04382929642445214 0.06169467787114839
2 0.5710611303344868 0.6963305322128852 0.04408304498269899 0.06827731092436982
2 0.5510726643598616 0.5481652661064426 0.04408304498269899 0.06582633053221289
0 0.4429065743944637 0.6916666666666667 0.061510957324106164 0.07014005602240894
2 0.5595271049596309 0.8546218487394959 0.03946943483275667 0.07476190476190492
7 0.7617531718569781 0.5509663865546218 0.04510957324106102 0.05648459383753507