2 0.6540599455040872 0.5693209054593875 0.03654859218891917 0.07370173102529963
2 0.815921889191644 0.5693209054593875 0.029409627611262586 0.06229027962716375
2 0.6663851044504996 0.7167643142476697 0.03265213442325163 0.06034620505992002
2 0.6561126248864668 0.8643675099866844 0.03157129881925522 0.06760319573901462
0 0.5683106267029973 0.7172436750998669 0.05059945504087197 0.08793608521970701
5 0.8970208900999092 0.7086817576564581 0.04887375113533147 0.0670039946737683
6 0.84047229791099 0.7831957390146471 0.033088101725703964 0.05113182423435431
6 0.826630336058129 0.8161784287616511 0.03654859218891917 0.05366178428761645
1 0.8375476839237057 0.8603994673768308 0.03633060853769301 0.0584021304926763
2 0.8092188919164396 0.8646870838881491 0.03157129881925522 0.06315579227696413
1 0.7263941871026339 0.9165246338215711 0.032007266121707546 0.04888149134487355
1 0.8069482288828338 0.7521171770972038 0.03611262488646684 0.05241011984021292
2 0.7986285195277021 0.7148735019973369 0.025949137148047172 0.06521970705725702